file,route,distance,time
tsp-problem-100-100-100-25-1.txt,"[0, 63, 88, 89, 60, 28, 5, 99, 35, 74, 27, 73, 81, 31, 90, 54, 12, 34, 95, 25, 83, 62, 78, 14, 36, 86, 3, 46, 30, 98, 47, 24, 97, 19, 79, 56, 72, 58, 2, 94, 10, 71, 29, 18, 75, 11, 64, 37, 61, 53, 39, 48, 51, 55, 70, 41, 49, 33, 22, 45, 92, 1, 26, 69, 91, 38, 76, 68, 40, 7, 96, 9, 8, 23, 66, 50, 6, 65, 44, 16, 20, 42, 4, 85, 93, 84, 43, 52, 82, 21, 57, 17, 77, 15, 80, 67, 13, 87, 32, 59, 0]",4470.517334362558,0.20179462432861328
tsp-problem-100-100-100-5-1.txt,"[0, 60, 66, 42, 54, 49, 94, 96, 22, 55, 58, 26, 46, 32, 53, 98, 28, 52, 20, 90, 30, 77, 82, 37, 56, 91, 59, 89, 51, 92, 39, 10, 12, 34, 50, 67, 73, 21, 78, 14, 40, 9, 63, 17, 38, 45, 31, 61, 71, 86, 72, 43, 19, 3, 70, 27, 5, 62, 44, 79, 81, 97, 11, 16, 41, 6, 18, 23, 4, 83, 33, 68, 7, 1, 84, 88, 80, 93, 64, 8, 24, 74, 48, 65, 87, 35, 47, 25, 99, 57, 95, 85, 69, 75, 36, 29, 13, 15, 76, 2, 0]",9038.706384003684,0.138810396194458
tsp-problem-100-1000-100-25-1.txt,"[0, 22, 74, 99, 42, 33, 35, 14, 88, 57, 31, 84, 60, 28, 83, 54, 77, 30, 17, 64, 40, 59, 24, 65, 11, 45, 6, 95, 86, 89, 76, 38, 66, 72, 9, 75, 32, 90, 43, 47, 55, 10, 15, 78, 82, 91, 73, 19, 27, 81, 2, 49, 93, 37, 51, 96, 39, 8, 21, 61, 20, 25, 4, 3, 29, 71, 68, 34, 79, 53, 70, 80, 48, 12, 5, 94, 87, 13, 50, 16, 26, 44, 1, 23, 7, 67, 69, 41, 46, 85, 58, 63, 36, 56, 97, 98, 92, 18, 62, 52, 0]",4565.584671754445,0.2452850341796875
tsp-problem-100-1000-100-5-1.txt,"[0, 32, 99, 94, 6, 87, 28, 83, 48, 45, 40, 59, 54, 89, 7, 93, 14, 18, 26, 39, 53, 2, 65, 96, 97, 66, 76, 98, 33, 72, 75, 17, 64, 84, 3, 88, 58, 41, 25, 35, 55, 36, 63, 4, 44, 11, 21, 56, 68, 74, 92, 5, 1, 37, 91, 77, 49, 31, 38, 82, 24, 85, 50, 29, 34, 16, 79, 62, 52, 71, 73, 86, 60, 51, 90, 27, 15, 47, 57, 13, 19, 8, 78, 70, 20, 10, 46, 95, 69, 81, 22, 12, 23, 80, 30, 61, 43, 67, 42, 9, 0]",8951.119800086912,0.14113330841064453
tsp-problem-100-2000-100-25-1.txt,"[0, 67, 82, 25, 47, 34, 92, 54, 66, 3, 12, 27, 10, 56, 78, 22, 18, 19, 50, 7, 29, 98, 88, 45, 94, 21, 36, 13, 48, 9, 44, 42, 15, 84, 39, 1, 8, 37, 46, 38, 57, 4, 69, 89, 51, 71, 81, 64, 2, 61, 90, 30, 74, 53, 83, 93, 73, 62, 20, 77, 16, 33, 59, 79, 80, 58, 24, 76, 23, 28, 65, 6, 26, 96, 68, 91, 97, 70, 49, 55, 87, 31, 40, 85, 11, 52, 43, 41, 99, 35, 75, 32, 5, 60, 86, 95, 72, 63, 17, 14, 0]",4973.087223393481,0.1887805461883545
tsp-problem-100-2000-100-5-1.txt,"[0, 20, 46, 44, 7, 74, 24, 29, 49, 27, 79, 23, 68, 69, 12, 22, 28, 15, 95, 78, 40, 81, 92, 39, 65, 86, 80, 33, 36, 6, 16, 9, 42, 87, 53, 19, 96, 60, 84, 25, 77, 85, 94, 14, 56, 89, 26, 34, 21, 52, 76, 32, 72, 97, 57, 83, 93, 63, 58, 73, 35, 54, 10, 90, 17, 2, 30, 45, 43, 61, 51, 31, 99, 82, 67, 48, 75, 4, 64, 62, 8, 37, 50, 11, 47, 13, 70, 59, 66, 1, 18, 88, 38, 91, 3, 98, 71, 5, 41, 55, 0]",8995.570122610548,0.11132383346557617
tsp-problem-100-4000-100-25-1.txt,"[0, 64, 60, 91, 73, 28, 74, 81, 83, 70, 17, 3, 88, 34, 63, 69, 78, 11, 82, 68, 12, 26, 15, 65, 76, 62, 80, 87, 4, 97, 41, 13, 46, 38, 93, 25, 18, 19, 55, 32, 30, 7, 84, 79, 10, 45, 35, 94, 47, 31, 67, 27, 29, 72, 23, 49, 6, 5, 33, 54, 99, 9, 75, 86, 57, 24, 85, 71, 37, 44, 90, 52, 53, 50, 22, 96, 39, 56, 42, 43, 1, 21, 98, 61, 48, 92, 16, 58, 66, 36, 20, 77, 8, 89, 51, 59, 95, 2, 40, 14, 0]",4757.121889896359,0.1742110252380371
tsp-problem-100-4000-100-5-1.txt,"[0, 33, 12, 93, 97, 71, 53, 34, 36, 76, 77, 27, 40, 32, 84, 1, 57, 79, 73, 92, 4, 72, 78, 46, 94, 30, 91, 98, 10, 70, 80, 48, 56, 81, 19, 66, 6, 29, 42, 43, 26, 3, 82, 63, 64, 50, 11, 9, 15, 21, 58, 68, 74, 41, 24, 85, 38, 55, 16, 99, 20, 39, 88, 45, 75, 60, 90, 2, 52, 14, 13, 28, 95, 44, 8, 51, 69, 61, 47, 67, 37, 17, 7, 35, 86, 87, 49, 22, 59, 31, 89, 5, 18, 54, 96, 25, 65, 83, 62, 23, 0]",8983.508296210333,0.0989387035369873
tsp-problem-100-500-100-25-1.txt,"[0, 95, 13, 45, 86, 5, 85, 69, 46, 3, 18, 75, 76, 57, 21, 56, 38, 66, 12, 94, 98, 82, 53, 79, 33, 20, 47, 73, 31, 80, 61, 22, 92, 89, 49, 29, 8, 26, 91, 25, 64, 90, 65, 51, 35, 88, 43, 99, 41, 83, 16, 68, 70, 7, 48, 4, 59, 44, 11, 39, 58, 97, 15, 71, 96, 87, 60, 2, 1, 34, 74, 55, 77, 93, 24, 84, 37, 28, 19, 9, 17, 81, 72, 42, 78, 50, 10, 23, 36, 40, 67, 6, 62, 14, 30, 32, 27, 63, 54, 52, 0]",4856.2659198454,0.16808128356933594
tsp-problem-100-500-100-5-1.txt,"[0, 34, 60, 81, 39, 57, 91, 17, 66, 14, 89, 83, 12, 21, 56, 75, 48, 27, 22, 76, 78, 26, 40, 86, 61, 46, 5, 11, 25, 36, 52, 84, 70, 72, 62, 98, 93, 69, 23, 87, 94, 45, 30, 92, 74, 10, 55, 90, 71, 77, 80, 41, 97, 79, 43, 16, 47, 59, 24, 96, 3, 31, 7, 1, 51, 99, 44, 49, 8, 9, 42, 54, 4, 82, 37, 15, 68, 18, 19, 67, 33, 63, 29, 38, 35, 53, 20, 2, 65, 6, 13, 32, 95, 85, 73, 28, 50, 64, 58, 88, 0]",9079.586419057548,0.09328746795654297
tsp-problem-1000-10000-100-25-1.txt,"[0, 82, 212, 944, 366, 608, 33, 528, 90, 508, 564, 475, 204, 805, 45, 950, 708, 907, 596, 263, 511, 880, 562, 489, 928, 176, 547, 482, 172, 635, 923, 141, 505, 201, 430, 334, 412, 640, 894, 881, 458, 543, 216, 684, 324, 297, 897, 583, 304, 31, 634, 254, 488, 250, 481, 539, 136, 690, 499, 332, 316, 155, 129, 242, 8, 341, 362, 301, 507, 949, 210, 720, 918, 291, 119, 233, 851, 296, 111, 889, 232, 1, 36, 693, 287, 875, 552, 162, 386, 280, 980, 585, 327, 57, 76, 736, 807, 215, 152, 626, 773, 193, 663, 247, 546, 938, 553, 405, 531, 566, 871, 848, 992, 913, 840, 444, 71, 21, 728, 674, 239, 594, 789, 56, 161, 554, 49, 217, 421, 286, 356, 729, 326, 102, 541, 701, 707, 392, 688, 842, 97, 867, 11, 174, 576, 643, 580, 754, 607, 922, 885, 22, 970, 361, 649, 67, 371, 65, 274, 51, 377, 246, 114, 967, 809, 314, 846, 824, 480, 268, 668, 832, 400, 616, 88, 275, 357, 861, 493, 446, 843, 74, 670, 865, 113, 234, 171, 633, 477, 149, 646, 854, 806, 984, 289, 535, 147, 751, 252, 381, 471, 245, 182, 638, 177, 439, 199, 622, 926, 434, 654, 13, 909, 815, 910, 4, 428, 810, 385, 705, 513, 934, 454, 814, 725, 878, 781, 379, 872, 365, 27, 536, 270, 652, 34, 383, 229, 420, 200, 116, 648, 146, 398, 514, 996, 14, 515, 537, 771, 990, 921, 15, 63, 719, 424, 103, 238, 73, 194, 142, 498, 972, 738, 156, 713, 261, 578, 206, 449, 393, 976, 747, 586, 527, 447, 93, 924, 568, 122, 211, 338, 595, 282, 160, 740, 295, 644, 456, 451, 686, 966, 561, 121, 734, 687, 710, 656, 132, 957, 604, 443, 893, 933, 901, 986, 767, 117, 78, 520, 462, 630, 130, 700, 914, 963, 587, 401, 437, 448, 651, 108, 311, 932, 463, 828, 998, 952, 760, 959, 422, 936, 303, 411, 188, 526, 87, 524, 485, 195, 143, 682, 352, 653, 236, 140, 673, 445, 77, 83, 808, 979, 496, 550, 812, 153, 79, 244, 378, 72, 762, 363, 104, 968, 7, 91, 704, 647, 829, 264, 650, 18, 138, 912, 827, 745, 834, 955, 669, 712, 943, 637, 575, 131, 662, 590, 858, 151, 532, 763, 509, 219, 339, 765, 801, 167, 40, 258, 502, 529, 438, 248, 335, 853, 486, 790, 750, 202, 855, 50, 256, 320, 382, 835, 99, 899, 577, 394, 660, 350, 931, 735, 671, 24, 478, 628, 38, 791, 991, 64, 730, 548, 9, 780, 868, 360, 353, 404, 306, 793, 251, 994, 418, 183, 148, 218, 6, 756, 100, 900, 35, 960, 768, 336, 510, 819, 549, 784, 277, 94, 563, 964, 786, 190, 399, 501, 290, 504, 757, 44, 59, 989, 721, 985, 841, 221, 432, 939, 230, 457, 799, 465, 168, 987, 518, 47, 426, 822, 961, 75, 665, 495, 612, 309, 999, 469, 600, 675, 205, 516, 560, 917, 429, 788, 896, 755, 249, 545, 348, 278, 629, 743, 905, 312, 623, 209, 601, 48, 80, 86, 886, 722, 423, 349, 402, 717, 839, 557, 702, 118, 354, 340, 69, 468, 974, 826, 101, 241, 55, 655, 417, 802, 85, 355, 472, 946, 849, 415, 818, 776, 945, 368, 92, 892, 376, 440, 494, 977, 733, 723, 597, 698, 941, 276, 28, 126, 534, 882, 598, 929, 948, 464, 406, 110, 187, 500, 565, 5, 739, 794, 727, 584, 605, 473, 869, 588, 490, 157, 800, 927, 178, 257, 317, 25, 266, 453, 380, 850, 874, 696, 461, 613, 163, 225, 345, 798, 476, 222, 930, 589, 169, 863, 106, 556, 803, 294, 450, 870, 982, 414, 615, 325, 521, 351, 555, 53, 175, 525, 724, 389, 641, 60, 844, 718, 41, 322, 570, 387, 144, 181, 792, 213, 937, 787, 70, 425, 795, 323, 98, 19, 678, 540, 642, 337, 512, 343, 273, 891, 864, 137, 519, 150, 823, 825, 42, 611, 692, 903, 435, 606, 672, 697, 196, 427, 272, 866, 573, 459, 709, 645, 737, 208, 23, 479, 372, 265, 307, 243, 159, 298, 571, 973, 627, 837, 621, 109, 260, 679, 29, 203, 659, 777, 522, 391, 852, 237, 186, 318, 198, 191, 811, 253, 413, 410, 953, 658, 396, 610, 367, 904, 833, 26, 847, 983, 706, 342, 666, 124, 581, 879, 492, 873, 748, 373, 758, 358, 677, 39, 58, 567, 593, 105, 455, 830, 395, 845, 329, 838, 559, 302, 223, 359, 491, 416, 292, 370, 483, 442, 30, 993, 942, 632, 614, 305, 484, 988, 558, 170, 603, 165, 783, 433, 877, 916, 741, 591, 947, 284, 300, 925, 691, 12, 158, 579, 995, 676, 279, 572, 403, 192, 804, 906, 544, 599, 997, 134, 226, 220, 255, 902, 935, 772, 859, 703, 283, 965, 895, 293, 764, 61, 971, 315, 189, 228, 154, 441, 240, 956, 347, 344, 694, 726, 884, 197, 369, 744, 978, 299, 636, 10, 235, 20, 836, 951, 857, 3, 123, 940, 975, 639, 37, 915, 714, 125, 390, 890, 321, 954, 624, 523, 742, 436, 173, 689, 699, 887, 542, 115, 409, 888, 618, 487, 214, 231, 207, 46, 685, 319, 667, 180, 778, 920, 2, 620, 133, 185, 84, 683, 775, 497, 816, 908, 711, 538, 384, 112, 503, 631, 551, 860, 969, 474, 62, 766, 166, 184, 506, 779, 267, 625, 796, 388, 89, 761, 288, 749, 32, 145, 271, 856, 259, 281, 619, 470, 716, 533, 517, 346, 269, 81, 17, 820, 66, 139, 574, 107, 179, 657, 16, 419, 759, 313, 452, 919, 981, 331, 310, 715, 813, 374, 127, 609, 227, 68, 661, 135, 753, 407, 695, 308, 128, 96, 224, 95, 466, 898, 680, 770, 958, 43, 821, 617, 120, 582, 752, 883, 530, 774, 769, 602, 731, 460, 262, 911, 397, 746, 732, 592, 285, 664, 54, 330, 408, 782, 962, 862, 876, 831, 375, 364, 817, 52, 328, 681, 333, 431, 569, 797, 467, 164, 785, 0]",31646.69550752041,34.57268047332764
tsp-problem-1000-10000-100-5-1.txt,"[0, 120, 210, 577, 853, 895, 841, 423, 603, 213, 988, 641, 578, 9, 400, 146, 734, 829, 102, 262, 69, 710, 595, 119, 243, 525, 699, 394, 937, 535, 91, 656, 843, 247, 875, 252, 598, 424, 866, 671, 321, 275, 512, 670, 725, 170, 940, 751, 287, 592, 236, 897, 929, 353, 418, 848, 103, 43, 203, 93, 752, 799, 378, 427, 360, 20, 827, 445, 775, 697, 715, 943, 910, 402, 728, 871, 519, 299, 552, 372, 980, 575, 958, 131, 40, 36, 339, 295, 276, 407, 270, 492, 846, 58, 489, 205, 544, 863, 163, 160, 887, 977, 404, 707, 955, 698, 486, 430, 346, 674, 434, 90, 259, 998, 174, 172, 249, 997, 186, 813, 437, 169, 573, 294, 720, 610, 682, 366, 274, 263, 922, 690, 877, 484, 104, 254, 183, 931, 380, 387, 349, 925, 901, 949, 713, 596, 581, 761, 593, 471, 705, 777, 396, 836, 987, 513, 480, 852, 532, 98, 164, 217, 328, 267, 258, 351, 989, 862, 511, 375, 61, 196, 87, 313, 830, 84, 811, 403, 647, 229, 215, 805, 801, 624, 44, 597, 421, 211, 618, 30, 878, 845, 774, 482, 963, 336, 903, 77, 412, 182, 635, 663, 326, 291, 557, 72, 902, 224, 348, 517, 201, 633, 162, 187, 266, 323, 609, 759, 600, 490, 34, 613, 219, 370, 732, 677, 975, 661, 772, 245, 66, 528, 185, 81, 6, 22, 449, 606, 447, 497, 523, 501, 233, 11, 825, 961, 123, 329, 694, 142, 757, 199, 722, 939, 218, 904, 972, 177, 970, 986, 392, 109, 408, 828, 504, 440, 538, 665, 493, 467, 156, 652, 439, 39, 915, 631, 74, 554, 782, 48, 969, 686, 491, 664, 298, 4, 645, 632, 281, 816, 257, 558, 428, 954, 941, 615, 337, 304, 235, 140, 432, 789, 739, 630, 134, 248, 520, 992, 458, 135, 565, 13, 833, 280, 288, 719, 376, 79, 472, 179, 398, 733, 149, 590, 860, 584, 190, 216, 411, 122, 126, 676, 744, 890, 342, 65, 166, 959, 389, 456, 587, 642, 681, 781, 990, 537, 945, 350, 599, 78, 71, 318, 425, 362, 583, 659, 806, 672, 542, 38, 195, 736, 359, 83, 991, 883, 692, 116, 731, 765, 607, 289, 716, 696, 361, 560, 464, 907, 702, 124, 724, 129, 60, 960, 773, 17, 979, 718, 762, 625, 391, 971, 32, 159, 729, 256, 576, 368, 530, 345, 107, 749, 797, 200, 255, 810, 854, 165, 355, 608, 741, 498, 487, 753, 188, 778, 232, 25, 640, 80, 178, 563, 567, 410, 191, 506, 621, 913, 285, 831, 756, 2, 626, 415, 691, 747, 706, 712, 518, 477, 356, 371, 189, 347, 272, 208, 787, 312, 198, 141, 324, 763, 536, 27, 76, 473, 223, 823, 956, 648, 611, 153, 105, 246, 474, 112, 934, 488, 461, 884, 99, 920, 881, 436, 776, 993, 899, 10, 985, 667, 978, 798, 515, 14, 809, 650, 982, 253, 526, 856, 872, 316, 919, 96, 381, 826, 227, 441, 338, 303, 533, 947, 529, 668, 646, 139, 927, 514, 758, 416, 794, 868, 37, 133, 916, 433, 703, 889, 539, 582, 780, 168, 192, 521, 869, 636, 768, 469, 468, 184, 700, 86, 623, 571, 628, 662, 485, 709, 306, 800, 655, 136, 75, 766, 770, 374, 369, 1, 505, 300, 152, 926, 479, 574, 496, 444, 685, 786, 591, 730, 711, 454, 435, 344, 240, 207, 849, 850, 106, 111, 334, 307, 238, 499, 397, 332, 470, 704, 463, 995, 865, 367, 944, 282, 974, 984, 896, 95, 35, 923, 962, 220, 876, 325, 745, 783, 588, 784, 494, 47, 214, 145, 886, 117, 373, 228, 438, 942, 522, 834, 297, 113, 173, 976, 952, 311, 115, 551, 63, 41, 475, 264, 92, 180, 138, 675, 842, 379, 549, 384, 785, 687, 171, 231, 531, 932, 721, 928, 746, 726, 250, 301, 193, 278, 754, 385, 516, 508, 19, 340, 108, 964, 363, 55, 966, 390, 953, 673, 933, 815, 634, 284, 540, 879, 771, 534, 265, 779, 658, 669, 26, 701, 689, 723, 510, 870, 386, 225, 137, 148, 743, 459, 950, 695, 450, 209, 509, 442, 33, 792, 151, 358, 572, 29, 242, 837, 310, 125, 906, 500, 54, 251, 352, 271, 894, 466, 568, 28, 57, 680, 750, 824, 892, 330, 67, 874, 553, 320, 269, 918, 181, 755, 388, 309, 462, 802, 946, 144, 315, 446, 395, 569, 230, 343, 620, 405, 24, 951, 612, 286, 143, 638, 244, 7, 864, 94, 637, 319, 855, 194, 150, 31, 118, 738, 56, 858, 666, 406, 999, 541, 547, 221, 936, 564, 559, 644, 981, 89, 308, 654, 260, 413, 835, 957, 857, 45, 570, 409, 561, 302, 293, 110, 912, 605, 617, 893, 880, 18, 241, 900, 364, 15, 885, 357, 795, 742, 414, 812, 803, 550, 292, 52, 820, 3, 354, 85, 622, 157, 840, 793, 891, 478, 82, 283, 930, 452, 73, 566, 586, 132, 420, 50, 717, 546, 769, 804, 714, 51, 524, 383, 627, 651, 130, 206, 204, 821, 921, 222, 46, 327, 161, 693, 453, 555, 290, 562, 839, 873, 429, 796, 851, 268, 12, 128, 983, 495, 226, 457, 417, 556, 53, 393, 59, 543, 616, 660, 49, 331, 678, 905, 460, 924, 212, 649, 273, 377, 100, 657, 431, 935, 527, 101, 938, 97, 790, 465, 867, 629, 68, 62, 882, 317, 847, 419, 911, 114, 42, 21, 859, 176, 973, 838, 898, 861, 580, 88, 502, 237, 16, 888, 814, 399, 382, 121, 764, 239, 748, 679, 807, 822, 545, 844, 365, 727, 760, 602, 683, 740, 994, 5, 277, 341, 314, 832, 483, 914, 154, 158, 767, 817, 426, 322, 643, 604, 422, 601, 503, 443, 968, 589, 155, 127, 197, 8, 819, 507, 965, 70, 619, 737, 908, 585, 688, 579, 401, 476, 202, 594, 791, 996, 279, 639, 735, 64, 261, 175, 455, 653, 448, 684, 788, 708, 481, 614, 23, 808, 917, 548, 296, 818, 948, 451, 234, 167, 909, 335, 305, 967, 147, 333, 0]",86953.00259071213,15.189173221588135
tsp-problem-1000-100000-100-25-1.txt,"[0, 404, 894, 961, 453, 779, 106, 970, 224, 204, 487, 874, 97, 907, 475, 83, 451, 942, 340, 484, 759, 284, 344, 622, 152, 863, 534, 424, 882, 515, 291, 422, 587, 164, 810, 527, 296, 372, 689, 266, 642, 15, 110, 43, 574, 698, 463, 545, 365, 298, 615, 821, 884, 395, 761, 876, 425, 172, 345, 410, 113, 877, 482, 406, 42, 525, 795, 768, 426, 639, 474, 235, 338, 626, 25, 554, 913, 477, 140, 547, 448, 205, 80, 281, 589, 676, 634, 618, 449, 754, 88, 400, 274, 173, 967, 695, 402, 184, 632, 348, 612, 954, 248, 834, 100, 346, 423, 335, 504, 833, 306, 137, 377, 398, 243, 299, 947, 292, 36, 516, 388, 189, 836, 934, 76, 704, 9, 414, 157, 174, 186, 798, 573, 62, 803, 219, 558, 623, 895, 745, 902, 952, 847, 716, 988, 825, 383, 444, 323, 273, 665, 682, 613, 355, 356, 514, 611, 708, 577, 379, 304, 28, 336, 454, 180, 175, 161, 313, 7, 54, 87, 955, 258, 418, 280, 389, 114, 944, 409, 34, 857, 283, 50, 655, 901, 397, 979, 193, 295, 852, 727, 604, 539, 856, 977, 662, 840, 93, 541, 600, 436, 851, 429, 467, 965, 358, 951, 720, 446, 357, 865, 991, 994, 624, 501, 420, 706, 650, 550, 145, 349, 787, 60, 341, 675, 286, 713, 930, 103, 230, 511, 528, 802, 651, 949, 311, 845, 881, 873, 51, 450, 337, 490, 607, 935, 778, 362, 32, 435, 220, 153, 649, 526, 431, 811, 215, 16, 722, 805, 200, 646, 94, 390, 95, 149, 728, 260, 543, 800, 413, 542, 700, 178, 867, 371, 121, 680, 257, 245, 176, 203, 703, 27, 269, 546, 564, 428, 731, 442, 531, 807, 972, 614, 44, 3, 869, 369, 185, 387, 262, 984, 116, 45, 686, 290, 505, 645, 265, 939, 246, 823, 111, 945, 870, 685, 931, 808, 61, 826, 165, 318, 408, 990, 74, 71, 928, 170, 469, 598, 544, 394, 932, 251, 109, 407, 319, 736, 24, 168, 417, 592, 794, 927, 790, 996, 725, 880, 637, 652, 950, 434, 899, 247, 5, 898, 557, 392, 701, 253, 783, 641, 830, 656, 98, 653, 672, 753, 893, 764, 605, 38, 572, 359, 520, 681, 948, 916, 797, 817, 890, 240, 702, 147, 719, 166, 710, 956, 812, 384, 568, 41, 56, 403, 21, 819, 668, 199, 305, 333, 579, 195, 67, 222, 26, 96, 920, 718, 462, 886, 267, 236, 209, 101, 750, 2, 138, 35, 586, 540, 327, 496, 828, 437, 347, 139, 300, 535, 445, 314, 617, 849, 141, 763, 196, 8, 4, 65, 144, 717, 386, 216, 472, 711, 848, 6, 171, 562, 897, 261, 924, 843, 959, 559, 620, 854, 77, 664, 733, 69, 730, 978, 697, 229, 904, 223, 14, 585, 458, 213, 115, 316, 119, 693, 522, 242, 590, 912, 270, 597, 112, 82, 89, 105, 758, 66, 885, 108, 643, 606, 159, 806, 601, 131, 570, 125, 440, 381, 508, 307, 609, 968, 415, 22, 739, 288, 405, 610, 396, 217, 775, 827, 820, 638, 167, 975, 210, 815, 252, 127, 595, 621, 594, 68, 90, 855, 569, 688, 460, 20, 494, 793, 584, 208, 647, 814, 861, 332, 221, 154, 350, 549, 480, 104, 155, 375, 575, 593, 738, 322, 677, 938, 678, 85, 822, 998, 231, 933, 218, 326, 207, 658, 831, 471, 12, 732, 239, 673, 850, 49, 762, 669, 151, 671, 940, 301, 187, 582, 560, 310, 785, 456, 225, 872, 31, 660, 563, 749, 158, 536, 879, 692, 781, 576, 552, 120, 317, 908, 354, 883, 844, 842, 603, 464, 491, 905, 982, 960, 696, 580, 476, 264, 86, 740, 529, 72, 889, 198, 488, 644, 555, 957, 416, 751, 495, 143, 421, 315, 351, 509, 102, 999, 343, 964, 809, 78, 657, 201, 628, 858, 194, 581, 616, 312, 683, 772, 588, 329, 33, 846, 906, 91, 455, 99, 742, 548, 799, 11, 367, 987, 123, 926, 452, 142, 197, 513, 773, 17, 331, 721, 602, 485, 714, 148, 771, 279, 228, 136, 169, 922, 746, 709, 633, 782, 766, 459, 813, 47, 227, 918, 489, 995, 493, 788, 399, 804, 538, 839, 433, 289, 983, 293, 39, 752, 412, 596, 694, 360, 297, 328, 465, 321, 70, 518, 661, 18, 679, 824, 862, 473, 973, 734, 502, 447, 46, 506, 958, 735, 432, 871, 915, 324, 146, 393, 249, 659, 374, 512, 519, 911, 129, 81, 366, 382, 52, 887, 57, 479, 162, 780, 510, 150, 364, 583, 770, 729, 160, 368, 237, 461, 989, 294, 478, 551, 903, 992, 591, 276, 84, 517, 256, 981, 723, 275, 743, 499, 969, 308, 309, 556, 320, 272, 361, 202, 666, 888, 756, 629, 212, 980, 500, 353, 48, 271, 769, 234, 58, 699, 561, 670, 707, 760, 457, 691, 183, 765, 503, 192, 75, 226, 282, 285, 767, 373, 443, 712, 334, 376, 792, 303, 181, 925, 654, 786, 370, 724, 378, 30, 411, 481, 635, 832, 13, 128, 135, 401, 917, 667, 571, 953, 263, 73, 789, 117, 784, 818, 627, 910, 705, 892, 486, 244, 342, 776, 380, 726, 565, 640, 741, 254, 929, 438, 206, 277, 92, 498, 796, 363, 507, 946, 29, 19, 566, 966, 986, 923, 875, 921, 59, 23, 439, 63, 936, 838, 619, 853, 524, 492, 891, 943, 715, 859, 134, 976, 801, 532, 816, 132, 663, 483, 55, 747, 868, 53, 684, 133, 339, 599, 278, 214, 124, 241, 419, 470, 866, 744, 914, 233, 523, 497, 974, 302, 674, 608, 238, 648, 631, 64, 997, 737, 259, 878, 687, 533, 352, 755, 962, 900, 896, 941, 250, 757, 963, 835, 937, 636, 774, 841, 126, 287, 971, 255, 777, 829, 211, 537, 468, 130, 466, 553, 40, 864, 748, 107, 860, 791, 179, 427, 325, 690, 190, 993, 430, 118, 122, 625, 578, 1, 441, 188, 182, 330, 985, 268, 191, 177, 232, 391, 919, 521, 385, 837, 630, 37, 567, 10, 909, 156, 530, 163, 79, 0]",30807.326814752843,29.58876061439514
tsp-problem-1000-100000-100-5-1.txt,"[0, 302, 533, 763, 480, 211, 112, 949, 663, 165, 161, 620, 417, 139, 124, 701, 542, 613, 706, 511, 892, 756, 11, 300, 807, 617, 675, 116, 993, 707, 495, 889, 553, 942, 333, 860, 884, 78, 458, 339, 378, 872, 745, 424, 260, 808, 450, 437, 959, 722, 846, 239, 74, 178, 500, 543, 319, 692, 372, 769, 984, 738, 69, 585, 187, 646, 913, 950, 751, 559, 380, 998, 849, 710, 873, 809, 688, 28, 267, 886, 57, 49, 514, 512, 638, 835, 705, 348, 871, 444, 862, 235, 377, 590, 723, 734, 766, 969, 426, 761, 189, 788, 579, 847, 468, 629, 773, 336, 719, 904, 394, 647, 226, 382, 827, 287, 672, 59, 736, 3, 234, 479, 355, 858, 51, 167, 469, 236, 992, 149, 525, 669, 419, 569, 463, 280, 315, 760, 48, 464, 645, 195, 240, 604, 466, 902, 345, 531, 568, 120, 255, 743, 431, 233, 652, 548, 32, 228, 373, 152, 326, 527, 422, 320, 574, 606, 912, 40, 875, 619, 88, 825, 905, 851, 930, 709, 416, 311, 618, 772, 141, 792, 199, 482, 174, 244, 800, 76, 254, 634, 739, 425, 580, 901, 938, 388, 502, 945, 720, 955, 451, 594, 347, 627, 350, 891, 427, 39, 297, 513, 71, 283, 449, 292, 934, 771, 245, 815, 797, 887, 948, 454, 708, 60, 72, 510, 986, 428, 94, 570, 915, 956, 843, 804, 85, 442, 96, 92, 740, 981, 225, 924, 176, 470, 554, 642, 774, 571, 222, 612, 704, 207, 733, 991, 221, 962, 41, 603, 352, 967, 644, 54, 9, 671, 957, 643, 361, 758, 534, 64, 200, 270, 598, 677, 67, 408, 505, 845, 392, 29, 691, 402, 90, 605, 14, 186, 472, 169, 633, 134, 215, 812, 698, 753, 530, 38, 729, 160, 106, 281, 448, 296, 935, 65, 936, 973, 609, 214, 204, 588, 607, 457, 833, 219, 340, 977, 481, 364, 796, 203, 31, 55, 839, 273, 964, 768, 461, 735, 854, 105, 268, 764, 231, 121, 201, 549, 1, 551, 665, 97, 714, 591, 596, 441, 138, 621, 501, 789, 232, 592, 980, 159, 327, 181, 657, 10, 539, 407, 653, 503, 478, 767, 224, 102, 282, 278, 103, 784, 265, 321, 937, 17, 44, 631, 694, 491, 636, 762, 208, 724, 410, 972, 520, 867, 868, 313, 158, 954, 852, 856, 194, 599, 903, 770, 91, 251, 389, 368, 401, 288, 895, 216, 118, 264, 7, 880, 269, 433, 170, 275, 483, 395, 529, 156, 81, 229, 978, 572, 526, 5, 324, 778, 432, 66, 56, 13, 583, 587, 940, 742, 650, 683, 900, 888, 686, 830, 122, 944, 560, 58, 730, 145, 909, 262, 151, 375, 898, 423, 589, 104, 119, 728, 979, 826, 567, 217, 700, 177, 823, 497, 30, 727, 759, 885, 257, 516, 237, 22, 917, 837, 351, 850, 699, 741, 775, 366, 168, 163, 266, 869, 952, 213, 63, 20, 963, 795, 70, 271, 664, 806, 987, 77, 68, 15, 985, 791, 610, 35, 359, 135, 927, 744, 532, 625, 819, 205, 430, 318, 623, 508, 462, 951, 684, 89, 284, 713, 356, 258, 546, 859, 754, 412, 399, 659, 878, 162, 263, 550, 649, 725, 489, 541, 415, 803, 879, 295, 515, 110, 540, 947, 966, 206, 920, 517, 404, 197, 961, 414, 602, 420, 538, 445, 285, 693, 154, 600, 640, 695, 131, 821, 210, 561, 711, 802, 626, 678, 786, 127, 824, 557, 718, 931, 866, 218, 33, 465, 184, 338, 953, 459, 919, 26, 577, 965, 790, 370, 883, 787, 976, 23, 982, 109, 893, 291, 157, 504, 848, 362, 958, 73, 354, 435, 113, 230, 861, 498, 381, 783, 661, 864, 999, 182, 746, 250, 243, 558, 84, 896, 434, 316, 443, 353, 474, 925, 813, 192, 272, 492, 301, 43, 681, 406, 335, 974, 155, 573, 556, 566, 223, 438, 455, 248, 421, 317, 486, 894, 358, 310, 83, 547, 816, 674, 453, 241, 27, 21, 4, 397, 36, 535, 142, 932, 608, 928, 507, 578, 456, 403, 126, 828, 209, 193, 314, 658, 100, 274, 332, 418, 779, 680, 391, 818, 876, 47, 518, 914, 918, 436, 330, 509, 637, 687, 190, 817, 253, 343, 785, 814, 834, 565, 360, 369, 249, 601, 685, 276, 299, 346, 140, 921, 853, 376, 697, 996, 673, 882, 630, 128, 61, 624, 662, 383, 544, 153, 46, 62, 667, 488, 842, 670, 477, 279, 294, 185, 975, 545, 829, 227, 447, 581, 386, 877, 331, 752, 306, 648, 471, 494, 277, 220, 676, 98, 863, 93, 460, 968, 656, 721, 555, 668, 387, 933, 396, 337, 757, 794, 467, 180, 24, 798, 780, 615, 87, 777, 832, 910, 562, 405, 79, 8, 716, 411, 689, 994, 132, 259, 989, 75, 400, 238, 305, 946, 344, 749, 997, 147, 53, 765, 191, 781, 971, 635, 322, 990, 593, 838, 737, 696, 16, 881, 365, 398, 111, 793, 748, 841, 584, 136, 107, 836, 660, 899, 173, 137, 519, 252, 143, 595, 123, 409, 865, 473, 202, 261, 960, 654, 916, 82, 926, 86, 485, 614, 175, 363, 50, 632, 108, 328, 125, 413, 939, 439, 129, 325, 521, 2, 874, 576, 666, 506, 171, 911, 290, 188, 890, 393, 374, 384, 390, 810, 799, 776, 148, 99, 717, 943, 247, 323, 37, 429, 641, 702, 611, 732, 329, 655, 117, 349, 150, 782, 334, 18, 446, 256, 908, 582, 12, 440, 811, 476, 907, 496, 651, 690, 307, 801, 906, 522, 6, 52, 750, 820, 379, 19, 342, 166, 682, 563, 490, 499, 293, 198, 822, 524, 371, 80, 922, 289, 552, 475, 172, 941, 715, 309, 114, 115, 286, 586, 246, 597, 995, 755, 988, 983, 528, 536, 484, 622, 144, 304, 523, 897, 639, 712, 367, 130, 179, 183, 747, 855, 34, 341, 357, 196, 726, 312, 164, 616, 970, 575, 303, 298, 844, 487, 929, 45, 308, 805, 242, 703, 25, 537, 679, 857, 95, 493, 101, 146, 870, 385, 731, 42, 840, 628, 133, 452, 831, 212, 923, 564, 0]",86929.6216213844,14.826294183731079
tsp-problem-1000-200000-100-25-1.txt,"[0, 835, 359, 47, 516, 32, 873, 528, 431, 210, 53, 441, 181, 859, 84, 533, 586, 346, 772, 794, 566, 339, 193, 949, 80, 712, 227, 631, 128, 682, 179, 421, 174, 467, 173, 932, 337, 967, 964, 878, 93, 266, 472, 279, 217, 405, 403, 243, 225, 308, 849, 806, 409, 679, 661, 928, 895, 94, 764, 297, 263, 800, 231, 595, 780, 334, 270, 341, 448, 612, 569, 960, 71, 619, 981, 616, 963, 426, 589, 178, 361, 41, 171, 748, 531, 147, 709, 907, 106, 180, 848, 257, 190, 77, 172, 156, 628, 520, 478, 14, 274, 404, 634, 21, 952, 63, 435, 510, 81, 365, 333, 700, 899, 186, 20, 51, 573, 322, 655, 109, 364, 929, 985, 693, 254, 343, 719, 522, 417, 975, 809, 555, 5, 205, 351, 474, 559, 228, 889, 909, 792, 76, 904, 781, 501, 888, 185, 515, 312, 697, 763, 60, 819, 384, 460, 774, 316, 33, 250, 477, 36, 220, 256, 493, 491, 990, 890, 885, 57, 261, 315, 734, 481, 796, 751, 399, 132, 767, 116, 476, 6, 187, 284, 40, 79, 119, 348, 413, 492, 982, 810, 690, 821, 325, 956, 757, 782, 191, 660, 469, 624, 936, 816, 695, 259, 161, 349, 507, 908, 258, 847, 518, 235, 656, 310, 811, 862, 414, 861, 653, 726, 965, 66, 615, 234, 456, 461, 927, 223, 876, 483, 940, 296, 950, 23, 635, 765, 58, 836, 504, 592, 34, 517, 968, 837, 739, 154, 865, 597, 997, 989, 649, 212, 432, 541, 102, 275, 714, 903, 318, 623, 87, 45, 803, 4, 550, 820, 453, 457, 561, 818, 9, 626, 641, 770, 603, 931, 832, 604, 519, 874, 707, 320, 779, 98, 662, 61, 685, 546, 667, 485, 345, 412, 17, 473, 183, 452, 574, 598, 7, 675, 389, 710, 280, 3, 553, 130, 255, 921, 218, 556, 617, 891, 138, 294, 382, 338, 252, 822, 581, 866, 353, 301, 657, 947, 590, 290, 933, 324, 995, 951, 802, 713, 668, 632, 272, 514, 136, 771, 92, 998, 851, 168, 527, 244, 521, 560, 775, 495, 755, 978, 390, 971, 910, 166, 892, 288, 664, 645, 196, 879, 558, 731, 282, 137, 500, 584, 886, 35, 229, 271, 129, 672, 192, 833, 311, 523, 376, 357, 954, 745, 139, 526, 658, 105, 877, 309, 711, 938, 152, 497, 740, 609, 396, 358, 689, 73, 926, 299, 143, 465, 591, 815, 418, 206, 543, 393, 319, 756, 791, 905, 621, 547, 207, 699, 793, 499, 142, 572, 213, 447, 620, 175, 654, 789, 643, 38, 799, 674, 113, 160, 307, 43, 281, 326, 824, 701, 828, 62, 831, 911, 842, 870, 962, 85, 540, 856, 454, 306, 596, 177, 340, 529, 230, 798, 144, 488, 424, 914, 164, 416, 208, 705, 354, 314, 875, 494, 743, 703, 898, 496, 184, 630, 627, 115, 738, 814, 480, 797, 450, 565, 444, 872, 419, 994, 302, 887, 737, 222, 46, 637, 366, 2, 678, 293, 511, 42, 373, 278, 203, 549, 490, 585, 673, 90, 194, 735, 369, 487, 704, 937, 579, 721, 986, 607, 141, 397, 436, 575, 945, 176, 741, 392, 273, 468, 127, 583, 996, 984, 784, 387, 1, 451, 917, 262, 991, 754, 869, 758, 901, 377, 31, 966, 633, 381, 117, 639, 145, 808, 715, 570, 305, 402, 980, 342, 906, 140, 285, 571, 489, 580, 155, 509, 292, 395, 159, 209, 642, 375, 670, 112, 111, 379, 300, 327, 86, 276, 401, 368, 505, 408, 148, 778, 69, 855, 742, 110, 331, 786, 669, 864, 52, 970, 197, 133, 253, 202, 512, 242, 698, 552, 125, 295, 732, 423, 920, 525, 237, 169, 122, 578, 88, 961, 269, 498, 663, 593, 577, 817, 446, 89, 787, 973, 987, 157, 388, 953, 56, 124, 912, 427, 640, 759, 728, 562, 479, 394, 101, 11, 536, 462, 618, 332, 226, 867, 96, 524, 665, 747, 70, 857, 677, 993, 691, 304, 918, 442, 769, 944, 644, 588, 286, 852, 240, 406, 49, 839, 54, 858, 374, 120, 72, 605, 795, 48, 860, 283, 83, 727, 683, 724, 55, 868, 65, 236, 162, 28, 82, 730, 298, 882, 68, 440, 766, 195, 422, 840, 486, 249, 776, 216, 925, 841, 880, 114, 916, 974, 894, 19, 542, 548, 27, 844, 843, 959, 502, 201, 532, 708, 636, 608, 126, 268, 850, 350, 123, 464, 638, 788, 248, 897, 969, 12, 686, 506, 760, 362, 783, 163, 538, 15, 64, 513, 702, 676, 957, 429, 646, 900, 846, 610, 313, 153, 455, 18, 439, 979, 545, 214, 211, 503, 415, 594, 430, 330, 567, 551, 75, 410, 13, 696, 827, 29, 10, 291, 893, 434, 599, 614, 830, 459, 825, 233, 336, 913, 463, 118, 977, 433, 680, 289, 16, 720, 239, 78, 834, 651, 380, 606, 625, 744, 650, 746, 823, 188, 363, 247, 22, 356, 135, 554, 761, 777, 443, 923, 221, 773, 146, 95, 534, 352, 801, 902, 107, 407, 344, 204, 303, 530, 600, 838, 749, 725, 50, 251, 100, 328, 287, 647, 67, 733, 943, 958, 445, 576, 587, 466, 539, 915, 722, 383, 972, 108, 317, 158, 988, 752, 706, 323, 762, 717, 30, 723, 753, 150, 582, 134, 611, 189, 853, 26, 854, 425, 371, 321, 692, 347, 544, 458, 471, 992, 25, 613, 103, 883, 924, 564, 420, 482, 602, 8, 437, 241, 813, 74, 659, 484, 535, 264, 718, 694, 508, 812, 930, 219, 884, 199, 804, 360, 983, 398, 919, 999, 716, 245, 557, 845, 391, 39, 666, 438, 411, 948, 955, 170, 976, 149, 355, 750, 684, 939, 648, 232, 428, 260, 563, 37, 400, 449, 367, 99, 601, 335, 386, 681, 790, 922, 946, 277, 871, 165, 329, 785, 736, 881, 265, 807, 687, 829, 44, 131, 238, 224, 215, 104, 121, 896, 942, 59, 91, 167, 182, 370, 805, 470, 568, 475, 24, 671, 652, 934, 629, 622, 385, 941, 935, 826, 863, 97, 688, 200, 198, 246, 729, 151, 768, 537, 378, 372, 267, 0]",30932.224665341822,18.185920238494873
tsp-problem-1000-200000-100-5-1.txt,"[0, 469, 845, 380, 45, 721, 658, 546, 520, 171, 796, 296, 416, 697, 371, 313, 173, 316, 310, 9, 433, 199, 617, 387, 660, 986, 402, 946, 541, 555, 165, 824, 136, 467, 663, 742, 655, 810, 984, 582, 876, 457, 466, 27, 587, 5, 143, 928, 265, 835, 812, 862, 29, 450, 695, 244, 925, 744, 341, 272, 857, 635, 330, 823, 303, 23, 39, 602, 954, 972, 956, 792, 627, 770, 620, 839, 528, 215, 962, 779, 551, 179, 468, 356, 802, 464, 448, 305, 786, 950, 251, 569, 246, 577, 55, 804, 893, 31, 934, 535, 405, 672, 483, 600, 428, 560, 664, 763, 67, 70, 543, 571, 583, 233, 537, 564, 539, 383, 219, 921, 388, 548, 723, 661, 895, 123, 868, 254, 476, 377, 44, 533, 644, 657, 242, 257, 37, 747, 619, 42, 108, 861, 135, 287, 278, 183, 367, 398, 226, 340, 362, 128, 912, 967, 216, 789, 472, 769, 430, 728, 682, 753, 611, 785, 565, 142, 603, 409, 624, 581, 302, 838, 298, 393, 642, 609, 190, 772, 300, 872, 730, 229, 89, 496, 321, 314, 146, 65, 665, 562, 626, 479, 778, 942, 518, 78, 48, 523, 73, 538, 592, 311, 798, 922, 998, 263, 522, 334, 897, 712, 121, 360, 160, 88, 493, 702, 130, 735, 694, 103, 547, 851, 894, 631, 231, 391, 243, 678, 761, 117, 462, 304, 349, 95, 434, 422, 426, 975, 116, 613, 818, 791, 411, 156, 200, 979, 707, 401, 323, 677, 366, 46, 680, 640, 163, 579, 453, 322, 86, 266, 456, 969, 282, 557, 858, 816, 597, 703, 915, 639, 828, 76, 983, 659, 40, 584, 981, 896, 536, 19, 585, 800, 504, 444, 516, 137, 566, 880, 454, 74, 974, 373, 510, 900, 706, 544, 671, 591, 649, 575, 777, 52, 554, 866, 701, 382, 490, 684, 357, 218, 458, 899, 995, 596, 637, 692, 939, 66, 145, 716, 919, 534, 153, 855, 110, 220, 460, 77, 982, 91, 81, 903, 228, 320, 643, 651, 849, 525, 831, 24, 15, 20, 437, 782, 111, 102, 955, 623, 329, 154, 465, 926, 968, 871, 191, 36, 751, 72, 780, 92, 389, 604, 127, 214, 487, 348, 147, 342, 471, 662, 193, 686, 267, 733, 629, 139, 368, 101, 210, 189, 93, 253, 58, 799, 97, 224, 953, 369, 766, 485, 195, 616, 615, 252, 820, 561, 905, 7, 390, 413, 158, 407, 495, 594, 952, 698, 923, 601, 693, 177, 152, 754, 155, 568, 207, 622, 227, 235, 598, 260, 451, 856, 911, 212, 690, 221, 312, 51, 980, 376, 801, 909, 69, 846, 940, 151, 670, 118, 149, 884, 223, 232, 399, 109, 784, 567, 446, 781, 949, 277, 351, 666, 497, 951, 757, 38, 2, 132, 280, 679, 82, 459, 987, 343, 281, 964, 162, 892, 739, 492, 196, 259, 614, 933, 431, 517, 719, 847, 105, 384, 150, 71, 90, 56, 463, 676, 258, 668, 542, 958, 129, 741, 11, 336, 318, 776, 217, 100, 811, 182, 731, 628, 885, 943, 636, 938, 245, 372, 365, 837, 599, 711, 530, 683, 673, 842, 491, 944, 415, 157, 125, 805, 605, 589, 691, 94, 550, 21, 85, 621, 729, 963, 901, 540, 350, 913, 237, 860, 326, 822, 994, 935, 840, 813, 185, 447, 270, 773, 256, 249, 247, 53, 700, 50, 364, 494, 989, 883, 408, 681, 574, 167, 552, 825, 250, 331, 455, 558, 578, 844, 898, 75, 120, 83, 240, 826, 400, 645, 234, 14, 62, 593, 54, 306, 363, 775, 524, 205, 945, 301, 717, 436, 653, 755, 412, 104, 4, 988, 209, 929, 771, 710, 891, 656, 875, 386, 625, 138, 886, 144, 641, 863, 889, 652, 973, 203, 241, 836, 222, 814, 759, 172, 204, 854, 725, 996, 481, 633, 559, 506, 499, 284, 290, 853, 285, 503, 134, 361, 704, 482, 473, 745, 545, 572, 830, 965, 936, 746, 264, 992, 760, 505, 140, 59, 22, 181, 164, 709, 275, 124, 273, 294, 732, 841, 141, 932, 608, 418, 526, 291, 513, 274, 606, 414, 667, 420, 338, 161, 957, 261, 864, 647, 352, 184, 501, 966, 910, 527, 878, 521, 477, 262, 474, 202, 790, 978, 427, 12, 346, 370, 765, 794, 35, 881, 808, 213, 439, 890, 887, 648, 417, 295, 737, 347, 724, 618, 186, 392, 630, 442, 985, 286, 6, 335, 423, 297, 508, 421, 99, 991, 359, 907, 198, 793, 13, 112, 486, 553, 758, 714, 475, 315, 159, 500, 379, 293, 292, 976, 674, 115, 756, 634, 632, 429, 930, 809, 230, 488, 874, 688, 687, 859, 271, 869, 675, 882, 248, 797, 937, 47, 727, 736, 176, 832, 829, 749, 79, 34, 60, 916, 941, 307, 355, 438, 815, 484, 325, 194, 529, 170, 87, 918, 452, 333, 654, 748, 833, 948, 309, 827, 133, 977, 806, 432, 192, 586, 374, 238, 358, 32, 166, 514, 178, 440, 84, 970, 743, 354, 788, 924, 16, 850, 738, 563, 404, 61, 206, 319, 8, 669, 715, 187, 344, 502, 406, 580, 768, 49, 852, 255, 324, 573, 17, 877, 740, 638, 396, 590, 10, 699, 961, 122, 236, 489, 96, 225, 576, 762, 549, 646, 345, 696, 750, 174, 960, 283, 904, 519, 612, 131, 927, 848, 25, 947, 931, 531, 705, 718, 3, 28, 908, 201, 445, 509, 394, 1, 339, 470, 507, 764, 410, 843, 63, 478, 902, 689, 726, 515, 873, 990, 807, 375, 532, 570, 188, 180, 353, 208, 834, 511, 113, 26, 461, 650, 971, 114, 288, 327, 595, 997, 607, 308, 328, 43, 498, 819, 999, 18, 119, 397, 906, 98, 276, 424, 443, 441, 317, 870, 480, 610, 734, 783, 107, 106, 888, 435, 722, 959, 299, 803, 556, 126, 239, 148, 395, 419, 211, 713, 449, 752, 64, 920, 30, 512, 175, 720, 168, 685, 787, 867, 403, 169, 197, 767, 33, 817, 269, 821, 914, 378, 917, 993, 795, 774, 41, 588, 381, 68, 289, 80, 337, 425, 385, 268, 865, 879, 279, 57, 332, 708, 0]",86786.79575741952,6.17462682723999
tsp-problem-1000-400000-100-25-1.txt,"[0, 606, 306, 551, 740, 407, 349, 358, 709, 750, 321, 867, 890, 332, 986, 394, 277, 1, 299, 515, 907, 489, 925, 691, 739, 314, 505, 49, 397, 302, 472, 644, 348, 680, 627, 210, 767, 708, 674, 568, 425, 301, 87, 285, 883, 96, 536, 322, 510, 478, 599, 449, 150, 843, 528, 533, 282, 537, 976, 916, 683, 488, 69, 239, 323, 531, 39, 651, 345, 451, 476, 226, 999, 234, 82, 89, 973, 521, 260, 511, 313, 676, 153, 330, 733, 717, 182, 654, 754, 447, 937, 396, 249, 732, 481, 384, 503, 938, 802, 645, 610, 588, 479, 85, 506, 381, 24, 824, 269, 211, 500, 823, 79, 830, 436, 165, 113, 738, 796, 442, 399, 98, 972, 811, 949, 561, 688, 122, 44, 673, 141, 123, 615, 255, 341, 635, 596, 901, 484, 74, 711, 201, 741, 318, 377, 406, 849, 333, 357, 370, 643, 756, 952, 144, 496, 770, 814, 882, 634, 487, 713, 825, 853, 42, 695, 918, 468, 812, 368, 728, 970, 641, 154, 553, 540, 346, 222, 631, 420, 171, 598, 828, 566, 152, 856, 387, 29, 266, 155, 545, 623, 461, 542, 530, 577, 864, 962, 429, 706, 659, 908, 685, 762, 509, 911, 190, 444, 80, 730, 355, 473, 885, 714, 587, 435, 240, 835, 538, 400, 331, 247, 16, 710, 138, 250, 495, 749, 958, 519, 469, 816, 845, 734, 774, 608, 725, 354, 146, 858, 626, 805, 705, 617, 612, 452, 783, 383, 58, 781, 820, 827, 994, 661, 283, 304, 206, 662, 772, 997, 900, 508, 491, 319, 216, 655, 88, 630, 434, 707, 527, 886, 800, 891, 456, 682, 185, 921, 778, 139, 31, 386, 76, 625, 275, 826, 747, 686, 350, 789, 745, 794, 748, 690, 720, 375, 764, 746, 559, 769, 192, 799, 950, 105, 660, 620, 149, 614, 846, 954, 633, 924, 639, 571, 678, 497, 227, 290, 62, 65, 840, 640, 174, 819, 316, 557, 777, 942, 483, 675, 52, 380, 700, 351, 787, 943, 60, 603, 37, 851, 930, 848, 998, 27, 595, 808, 378, 574, 990, 462, 993, 172, 108, 278, 927, 254, 195, 968, 213, 944, 107, 810, 162, 262, 475, 522, 361, 904, 134, 896, 650, 344, 881, 671, 428, 73, 446, 578, 395, 672, 120, 56, 579, 43, 47, 248, 821, 492, 63, 205, 93, 70, 167, 605, 121, 363, 902, 91, 430, 465, 629, 771, 969, 874, 194, 955, 160, 915, 297, 809, 833, 264, 438, 548, 48, 61, 889, 932, 933, 879, 427, 369, 28, 948, 237, 523, 547, 785, 963, 64, 221, 884, 875, 560, 718, 928, 365, 335, 305, 978, 857, 315, 385, 782, 281, 320, 760, 793, 26, 111, 529, 988, 455, 572, 663, 308, 193, 142, 861, 974, 238, 638, 692, 99, 996, 565, 298, 54, 736, 807, 804, 117, 888, 416, 758, 535, 480, 41, 703, 317, 129, 374, 433, 224, 613, 6, 668, 398, 244, 490, 957, 467, 187, 486, 273, 550, 356, 563, 636, 453, 967, 677, 19, 258, 860, 145, 176, 352, 288, 439, 909, 855, 936, 32, 877, 576, 148, 409, 157, 110, 421, 287, 768, 910, 611, 584, 372, 362, 618, 296, 309, 498, 757, 532, 960, 716, 989, 219, 241, 649, 203, 698, 78, 868, 2, 589, 454, 980, 722, 419, 583, 450, 359, 196, 759, 328, 983, 956, 946, 232, 159, 803, 168, 569, 25, 177, 17, 971, 200, 307, 115, 30, 263, 504, 252, 876, 166, 981, 729, 231, 590, 582, 667, 898, 207, 822, 23, 161, 14, 544, 424, 573, 22, 526, 699, 303, 751, 336, 666, 202, 339, 554, 51, 753, 592, 75, 53, 549, 979, 184, 215, 903, 616, 340, 300, 116, 514, 761, 50, 12, 624, 482, 926, 191, 977, 880, 312, 389, 564, 632, 131, 13, 878, 388, 404, 94, 752, 413, 276, 869, 57, 236, 373, 209, 164, 689, 284, 642, 965, 360, 581, 658, 724, 763, 101, 124, 140, 67, 959, 270, 218, 342, 233, 392, 45, 376, 964, 539, 922, 602, 619, 516, 403, 621, 543, 9, 679, 173, 401, 170, 862, 570, 460, 806, 34, 507, 102, 286, 445, 975, 3, 311, 836, 95, 935, 242, 670, 984, 220, 408, 391, 5, 46, 291, 326, 697, 15, 36, 791, 622, 77, 81, 279, 217, 534, 261, 393, 178, 366, 696, 657, 329, 292, 499, 899, 390, 8, 815, 893, 721, 681, 766, 367, 325, 337, 493, 128, 179, 992, 832, 35, 637, 109, 119, 470, 169, 502, 694, 422, 223, 934, 126, 664, 415, 779, 985, 294, 897, 181, 180, 951, 831, 586, 755, 112, 18, 411, 562, 259, 656, 892, 873, 914, 477, 744, 628, 343, 712, 863, 90, 208, 727, 525, 852, 485, 84, 230, 458, 773, 841, 995, 198, 870, 871, 293, 147, 701, 847, 66, 158, 865, 834, 866, 418, 251, 987, 163, 818, 905, 86, 784, 604, 743, 719, 923, 591, 558, 106, 797, 441, 575, 765, 792, 68, 966, 405, 684, 517, 100, 601, 842, 726, 737, 274, 338, 289, 597, 665, 704, 371, 253, 347, 920, 280, 243, 235, 183, 137, 580, 780, 520, 364, 245, 609, 466, 426, 555, 567, 334, 92, 512, 731, 494, 829, 982, 813, 189, 136, 97, 104, 4, 931, 125, 786, 693, 21, 913, 55, 324, 7, 114, 353, 795, 518, 742, 228, 652, 379, 402, 513, 850, 854, 838, 894, 382, 143, 600, 801, 917, 432, 788, 546, 471, 257, 72, 653, 457, 448, 912, 541, 214, 151, 40, 246, 919, 463, 118, 186, 103, 38, 887, 872, 839, 83, 906, 593, 961, 594, 130, 71, 175, 132, 648, 929, 556, 188, 945, 271, 327, 715, 702, 431, 265, 268, 310, 204, 443, 459, 423, 464, 225, 229, 607, 798, 10, 272, 501, 947, 585, 410, 197, 991, 135, 940, 723, 859, 687, 256, 837, 647, 941, 199, 524, 552, 474, 895, 953, 127, 775, 844, 414, 295, 267, 790, 11, 20, 212, 133, 412, 735, 669, 156, 437, 33, 59, 939, 440, 417, 646, 817, 776, 0]",31189.962545110433,38.32482695579529
tsp-problem-1000-400000-100-5-1.txt,"[0, 517, 2, 697, 608, 460, 442, 934, 809, 87, 156, 215, 162, 700, 927, 281, 230, 863, 316, 647, 741, 227, 482, 675, 278, 84, 485, 803, 264, 837, 43, 906, 105, 754, 833, 914, 344, 717, 28, 627, 980, 798, 708, 952, 461, 426, 338, 55, 339, 890, 976, 251, 814, 455, 386, 737, 303, 875, 967, 649, 531, 433, 805, 587, 535, 793, 664, 229, 272, 499, 306, 496, 542, 546, 526, 21, 511, 789, 512, 47, 434, 462, 20, 266, 609, 422, 472, 795, 576, 764, 633, 380, 405, 137, 926, 1, 590, 932, 317, 475, 388, 335, 57, 712, 222, 165, 519, 421, 256, 990, 755, 372, 771, 762, 747, 947, 191, 877, 45, 189, 989, 826, 921, 545, 52, 773, 583, 820, 503, 393, 868, 399, 684, 850, 9, 603, 811, 44, 36, 18, 254, 250, 370, 308, 876, 569, 610, 506, 14, 404, 172, 931, 799, 731, 332, 650, 325, 348, 854, 208, 313, 167, 232, 342, 42, 94, 840, 873, 347, 343, 617, 661, 670, 59, 559, 733, 334, 653, 206, 992, 124, 350, 199, 346, 963, 819, 891, 223, 750, 977, 748, 312, 180, 768, 573, 939, 104, 628, 178, 971, 91, 510, 340, 916, 999, 474, 420, 941, 673, 29, 685, 919, 68, 964, 111, 777, 255, 242, 341, 623, 642, 981, 101, 444, 792, 662, 248, 218, 915, 385, 734, 514, 636, 374, 315, 562, 451, 138, 757, 7, 82, 885, 449, 90, 56, 205, 416, 962, 677, 884, 31, 439, 81, 387, 153, 584, 784, 62, 183, 40, 319, 467, 294, 51, 277, 638, 354, 848, 235, 951, 606, 949, 79, 282, 693, 149, 300, 713, 96, 563, 415, 226, 527, 709, 211, 112, 70, 637, 458, 63, 391, 257, 141, 13, 599, 219, 166, 486, 41, 419, 77, 493, 379, 355, 209, 530, 581, 466, 842, 572, 269, 402, 252, 622, 275, 823, 238, 730, 89, 830, 524, 184, 726, 900, 924, 910, 452, 265, 586, 456, 935, 292, 692, 720, 267, 509, 289, 377, 204, 169, 522, 504, 463, 959, 508, 841, 193, 221, 148, 217, 756, 10, 736, 259, 305, 66, 802, 310, 778, 796, 862, 601, 953, 479, 134, 26, 663, 995, 37, 645, 594, 401, 532, 565, 406, 806, 816, 760, 561, 667, 985, 345, 865, 298, 389, 874, 987, 430, 579, 844, 800, 171, 835, 23, 892, 648, 969, 337, 93, 161, 185, 457, 585, 769, 157, 293, 834, 937, 258, 654, 484, 822, 665, 996, 108, 30, 276, 695, 177, 365, 311, 163, 889, 513, 38, 295, 986, 575, 687, 392, 477, 612, 571, 646, 203, 237, 369, 296, 928, 174, 883, 593, 200, 655, 220, 860, 384, 428, 375, 333, 239, 782, 738, 659, 698, 473, 839, 326, 880, 73, 25, 597, 682, 48, 938, 618, 588, 619, 273, 494, 440, 933, 786, 641, 125, 302, 481, 246, 115, 867, 327, 893, 787, 190, 905, 640, 117, 74, 181, 330, 69, 810, 4, 688, 378, 626, 271, 240, 236, 657, 107, 727, 582, 487, 598, 225, 489, 847, 772, 888, 351, 39, 965, 71, 813, 821, 263, 948, 903, 721, 886, 400, 651, 459, 373, 591, 751, 126, 533, 994, 544, 680, 596, 672, 917, 945, 600, 790, 807, 614, 845, 558, 109, 705, 944, 307, 950, 102, 763, 127, 414, 574, 725, 566, 943, 808, 22, 114, 286, 975, 360, 144, 681, 83, 437, 930, 993, 210, 553, 534, 602, 446, 568, 505, 742, 151, 438, 541, 897, 207, 972, 179, 35, 536, 495, 936, 707, 872, 224, 779, 320, 301, 791, 136, 186, 686, 78, 314, 5, 578, 761, 176, 605, 152, 336, 540, 197, 548, 616, 580, 8, 188, 570, 991, 88, 194, 878, 746, 407, 523, 749, 902, 516, 529, 718, 363, 632, 907, 960, 988, 49, 331, 871, 424, 260, 920, 979, 656, 846, 202, 984, 287, 410, 318, 15, 53, 668, 502, 758, 634, 381, 371, 630, 95, 471, 453, 689, 154, 735, 376, 711, 285, 85, 918, 397, 624, 448, 611, 539, 752, 858, 564, 234, 409, 620, 552, 955, 832, 781, 443, 75, 201, 97, 732, 745, 923, 866, 690, 329, 403, 249, 309, 54, 723, 788, 887, 881, 607, 72, 33, 432, 699, 780, 364, 61, 555, 824, 291, 490, 666, 678, 894, 783, 247, 728, 639, 704, 182, 652, 328, 123, 882, 925, 592, 173, 131, 3, 551, 213, 631, 895, 550, 589, 909, 671, 851, 447, 538, 879, 383, 19, 857, 843, 766, 274, 829, 65, 106, 121, 968, 774, 765, 245, 818, 859, 683, 359, 142, 974, 696, 716, 776, 145, 528, 518, 408, 133, 299, 715, 155, 67, 100, 520, 836, 362, 80, 674, 413, 103, 6, 212, 794, 643, 491, 676, 679, 743, 567, 454, 856, 168, 160, 739, 34, 76, 233, 241, 604, 418, 703, 411, 356, 869, 110, 828, 966, 284, 395, 132, 817, 390, 525, 288, 382, 283, 187, 468, 957, 497, 412, 560, 17, 498, 543, 946, 635, 119, 954, 997, 669, 32, 353, 116, 398, 701, 785, 280, 629, 797, 253, 500, 956, 852, 396, 146, 767, 12, 621, 268, 349, 970, 231, 815, 827, 557, 911, 143, 150, 694, 549, 480, 321, 515, 113, 366, 702, 710, 228, 912, 691, 46, 279, 11, 261, 464, 849, 983, 423, 940, 214, 942, 740, 425, 323, 706, 450, 243, 861, 521, 198, 644, 120, 929, 825, 427, 476, 998, 973, 58, 192, 27, 394, 429, 660, 898, 483, 196, 492, 864, 722, 368, 16, 896, 304, 129, 92, 158, 775, 290, 436, 744, 128, 140, 982, 978, 361, 262, 729, 478, 175, 358, 431, 445, 753, 537, 759, 244, 297, 24, 922, 804, 961, 470, 714, 50, 488, 118, 853, 195, 554, 86, 831, 352, 625, 613, 901, 556, 507, 139, 367, 64, 441, 130, 812, 899, 904, 469, 122, 435, 465, 501, 135, 770, 724, 801, 147, 417, 658, 99, 270, 164, 357, 98, 719, 322, 159, 870, 913, 216, 170, 908, 595, 855, 838, 547, 324, 615, 60, 577, 958, 0]",86777.30498808662,15.724350929260254
tsp-problem-1000-50000-100-25-1.txt,"[0, 512, 94, 304, 875, 63, 871, 504, 40, 482, 329, 268, 621, 235, 660, 2, 787, 549, 874, 890, 69, 218, 534, 373, 158, 735, 315, 822, 275, 153, 53, 936, 150, 992, 817, 865, 696, 812, 45, 690, 387, 508, 641, 451, 639, 481, 721, 318, 630, 840, 510, 802, 192, 656, 166, 609, 256, 996, 808, 130, 449, 118, 972, 468, 21, 207, 395, 651, 105, 313, 927, 181, 863, 86, 662, 77, 727, 116, 340, 977, 635, 682, 280, 956, 96, 676, 719, 425, 558, 347, 402, 861, 300, 350, 310, 4, 405, 111, 938, 23, 664, 571, 963, 480, 462, 932, 409, 52, 761, 295, 724, 308, 238, 137, 833, 360, 125, 485, 448, 19, 247, 801, 489, 397, 282, 410, 740, 151, 426, 261, 599, 815, 969, 552, 134, 323, 518, 923, 79, 450, 438, 136, 703, 289, 935, 330, 914, 204, 271, 900, 878, 424, 47, 25, 145, 629, 174, 637, 252, 950, 594, 296, 183, 860, 34, 616, 957, 291, 854, 584, 634, 751, 71, 575, 11, 582, 770, 677, 437, 669, 435, 866, 464, 859, 422, 851, 22, 266, 39, 807, 179, 530, 434, 889, 943, 382, 353, 686, 684, 493, 127, 14, 799, 475, 372, 264, 216, 790, 190, 577, 709, 1, 987, 467, 917, 18, 17, 548, 324, 366, 42, 364, 143, 487, 714, 644, 272, 904, 445, 359, 814, 286, 573, 779, 191, 474, 82, 841, 57, 640, 355, 285, 305, 499, 748, 975, 688, 962, 872, 147, 990, 299, 593, 922, 561, 428, 953, 535, 883, 542, 356, 406, 907, 800, 249, 408, 444, 857, 697, 836, 880, 148, 61, 590, 35, 210, 899, 123, 503, 244, 976, 455, 525, 29, 744, 250, 519, 553, 994, 562, 509, 54, 132, 708, 731, 581, 414, 157, 544, 65, 102, 783, 412, 51, 400, 262, 263, 243, 786, 700, 9, 596, 49, 486, 352, 788, 681, 362, 471, 717, 675, 782, 946, 574, 265, 754, 915, 189, 120, 447, 758, 201, 479, 837, 911, 793, 393, 995, 175, 832, 219, 194, 162, 516, 671, 169, 702, 66, 15, 206, 848, 363, 502, 257, 658, 522, 813, 297, 302, 171, 386, 666, 633, 745, 842, 321, 59, 277, 95, 852, 827, 200, 809, 909, 440, 325, 624, 458, 229, 712, 72, 750, 523, 112, 5, 718, 245, 736, 821, 879, 903, 281, 472, 358, 398, 490, 13, 339, 942, 492, 667, 646, 20, 723, 541, 663, 483, 276, 267, 99, 478, 50, 76, 784, 600, 378, 97, 933, 446, 338, 354, 565, 202, 24, 539, 916, 771, 589, 346, 457, 161, 119, 381, 298, 939, 670, 638, 517, 785, 617, 926, 188, 998, 456, 68, 198, 668, 631, 327, 505, 100, 90, 653, 945, 369, 465, 241, 197, 108, 576, 224, 212, 180, 919, 583, 835, 430, 816, 419, 716, 543, 858, 391, 452, 159, 895, 980, 215, 767, 873, 831, 619, 303, 665, 222, 344, 850, 622, 312, 253, 500, 829, 401, 749, 37, 56, 968, 940, 795, 255, 844, 114, 348, 924, 322, 75, 160, 173, 107, 209, 80, 855, 368, 763, 316, 270, 176, 28, 186, 982, 443, 979, 564, 949, 894, 274, 742, 626, 826, 418, 597, 602, 856, 959, 374, 636, 867, 283, 993, 36, 211, 610, 704, 733, 115, 921, 550, 170, 843, 691, 333, 729, 129, 632, 683, 390, 64, 693, 383, 454, 818, 774, 463, 591, 417, 319, 695, 384, 598, 737, 557, 569, 320, 62, 185, 649, 432, 805, 540, 142, 941, 32, 555, 141, 441, 743, 625, 849, 910, 240, 30, 846, 260, 342, 746, 803, 473, 497, 380, 613, 227, 661, 912, 572, 937, 647, 58, 999, 156, 870, 891, 532, 654, 762, 334, 332, 104, 623, 766, 824, 511, 230, 738, 470, 806, 958, 948, 498, 33, 710, 537, 546, 484, 673, 892, 612, 739, 906, 705, 585, 929, 952, 307, 931, 407, 760, 527, 248, 853, 306, 898, 195, 608, 126, 164, 884, 839, 70, 314, 685, 155, 288, 385, 828, 367, 989, 231, 379, 85, 309, 513, 720, 496, 140, 38, 554, 515, 279, 732, 869, 967, 228, 365, 643, 563, 392, 178, 756, 12, 237, 778, 687, 772, 587, 706, 507, 177, 336, 43, 236, 31, 203, 88, 93, 351, 46, 292, 588, 87, 27, 628, 67, 876, 825, 48, 420, 578, 413, 845, 650, 913, 460, 886, 8, 896, 607, 524, 196, 205, 41, 361, 415, 902, 757, 764, 887, 341, 905, 121, 755, 768, 144, 830, 431, 345, 885, 154, 566, 794, 184, 223, 775, 294, 429, 526, 389, 925, 388, 678, 453, 614, 128, 908, 722, 792, 947, 494, 580, 970, 343, 901, 110, 168, 567, 442, 978, 163, 820, 293, 495, 715, 213, 642, 242, 928, 726, 220, 103, 101, 290, 317, 328, 560, 233, 648, 627, 981, 847, 603, 44, 416, 753, 689, 811, 674, 78, 55, 965, 595, 810, 991, 964, 376, 403, 679, 776, 122, 26, 109, 730, 124, 84, 370, 106, 167, 780, 834, 225, 918, 239, 545, 427, 335, 734, 966, 888, 798, 707, 404, 466, 92, 672, 331, 789, 864, 514, 371, 131, 528, 796, 172, 692, 556, 930, 533, 469, 269, 538, 399, 73, 375, 254, 423, 601, 3, 997, 301, 592, 311, 893, 620, 988, 741, 135, 521, 579, 98, 586, 819, 7, 984, 217, 570, 971, 868, 182, 752, 680, 615, 618, 698, 208, 877, 983, 694, 349, 187, 769, 10, 461, 234, 6, 273, 149, 246, 781, 396, 559, 436, 951, 777, 259, 728, 258, 520, 165, 60, 797, 699, 645, 986, 199, 960, 882, 337, 152, 985, 659, 433, 459, 488, 421, 506, 961, 804, 146, 551, 529, 357, 476, 477, 974, 897, 862, 232, 881, 193, 326, 944, 133, 214, 284, 411, 773, 81, 701, 377, 547, 955, 605, 394, 221, 747, 823, 954, 725, 439, 713, 113, 74, 278, 765, 791, 531, 91, 117, 138, 934, 501, 287, 657, 226, 604, 920, 838, 89, 655, 652, 139, 759, 568, 536, 251, 16, 711, 606, 83, 611, 491, 973, 0]",33091.15542133385,13.684631586074829
tsp-problem-1000-50000-100-5-1.txt,"[0, 326, 575, 527, 329, 303, 631, 181, 293, 645, 617, 673, 938, 946, 204, 31, 379, 299, 782, 721, 693, 662, 985, 277, 415, 270, 999, 274, 805, 896, 35, 493, 355, 854, 694, 789, 149, 196, 767, 447, 101, 790, 930, 172, 14, 660, 316, 375, 417, 813, 111, 726, 584, 769, 268, 682, 327, 49, 559, 791, 565, 208, 44, 847, 613, 674, 454, 68, 924, 240, 716, 254, 492, 982, 56, 762, 457, 487, 828, 606, 554, 397, 167, 640, 7, 800, 219, 831, 590, 555, 592, 445, 798, 879, 360, 885, 571, 996, 73, 92, 861, 437, 199, 665, 48, 678, 851, 578, 472, 253, 984, 771, 476, 151, 119, 251, 383, 90, 177, 378, 797, 635, 382, 796, 881, 296, 171, 488, 131, 377, 459, 637, 814, 741, 627, 841, 156, 143, 991, 347, 850, 318, 15, 824, 735, 978, 133, 594, 290, 945, 636, 812, 699, 491, 159, 464, 546, 799, 622, 54, 86, 929, 263, 977, 418, 407, 951, 226, 288, 343, 904, 469, 877, 155, 867, 236, 339, 628, 950, 463, 820, 898, 243, 733, 756, 173, 846, 227, 314, 410, 966, 323, 76, 972, 869, 702, 602, 919, 103, 162, 564, 104, 298, 747, 653, 321, 28, 959, 361, 496, 120, 241, 78, 964, 598, 191, 308, 687, 839, 942, 404, 666, 121, 952, 750, 907, 541, 844, 855, 657, 670, 53, 690, 153, 309, 516, 899, 630, 840, 576, 262, 992, 215, 626, 453, 528, 230, 109, 57, 525, 864, 766, 643, 974, 231, 203, 317, 755, 65, 596, 337, 888, 826, 8, 979, 195, 342, 969, 837, 943, 916, 135, 975, 182, 891, 61, 423, 197, 781, 776, 785, 654, 394, 278, 483, 772, 601, 95, 808, 41, 533, 202, 373, 588, 443, 556, 505, 116, 788, 563, 285, 874, 543, 909, 450, 658, 744, 206, 795, 878, 901, 357, 266, 122, 603, 589, 276, 700, 467, 470, 170, 11, 804, 420, 341, 714, 125, 723, 803, 990, 740, 425, 720, 460, 331, 532, 150, 648, 506, 295, 281, 987, 34, 818, 39, 429, 963, 465, 124, 833, 261, 480, 24, 201, 444, 524, 509, 499, 562, 738, 706, 198, 114, 365, 552, 551, 84, 862, 87, 816, 448, 728, 374, 703, 591, 923, 37, 715, 537, 238, 768, 793, 822, 422, 928, 110, 866, 623, 200, 535, 523, 390, 221, 82, 634, 324, 736, 681, 526, 369, 333, 283, 70, 577, 396, 770, 970, 161, 157, 398, 727, 330, 618, 29, 387, 998, 428, 282, 616, 859, 686, 737, 495, 187, 91, 461, 913, 81, 213, 614, 774, 32, 99, 668, 894, 642, 2, 900, 860, 892, 540, 257, 647, 573, 211, 313, 376, 127, 561, 307, 289, 705, 229, 411, 433, 511, 704, 287, 848, 949, 405, 180, 434, 322, 432, 685, 883, 473, 958, 787, 568, 786, 724, 350, 128, 371, 522, 934, 427, 64, 518, 9, 392, 639, 294, 217, 16, 587, 72, 247, 838, 600, 835, 696, 456, 887, 503, 663, 538, 345, 574, 63, 989, 462, 186, 707, 189, 986, 709, 962, 542, 250, 71, 825, 138, 312, 544, 593, 412, 366, 193, 88, 993, 176, 567, 512, 944, 353, 778, 965, 269, 933, 286, 52, 368, 490, 424, 863, 224, 370, 210, 560, 406, 10, 168, 449, 85, 807, 47, 530, 136, 746, 827, 30, 279, 858, 932, 849, 62, 922, 386, 513, 441, 504, 4, 753, 50, 481, 586, 192, 599, 471, 152, 691, 632, 393, 917, 935, 957, 983, 409, 59, 644, 549, 500, 479, 19, 363, 380, 174, 547, 780, 358, 126, 971, 403, 880, 708, 414, 275, 246, 697, 852, 436, 973, 485, 604, 419, 676, 765, 77, 364, 967, 633, 486, 566, 664, 160, 38, 349, 792, 346, 113, 650, 940, 669, 158, 384, 914, 165, 300, 857, 20, 89, 33, 237, 328, 489, 749, 751, 256, 947, 154, 225, 319, 252, 474, 497, 667, 580, 948, 169, 100, 164, 711, 245, 529, 534, 18, 882, 430, 621, 610, 875, 12, 698, 609, 280, 272, 739, 501, 638, 359, 98, 60, 431, 548, 911, 718, 905, 498, 385, 209, 220, 976, 550, 981, 752, 583, 102, 484, 585, 248, 439, 507, 514, 55, 677, 301, 712, 536, 332, 141, 779, 671, 336, 401, 834, 754, 521, 886, 641, 918, 446, 995, 75, 730, 381, 67, 223, 494, 258, 21, 391, 244, 783, 832, 936, 58, 3, 811, 130, 890, 302, 921, 539, 284, 112, 134, 876, 105, 468, 519, 451, 953, 937, 137, 531, 297, 260, 163, 267, 629, 926, 675, 903, 655, 659, 649, 517, 912, 351, 43, 582, 26, 25, 545, 757, 688, 652, 344, 306, 466, 273, 773, 218, 941, 132, 865, 400, 356, 810, 809, 352, 615, 235, 140, 388, 259, 607, 722, 458, 612, 36, 842, 234, 729, 399, 829, 954, 572, 620, 689, 775, 27, 830, 46, 97, 233, 819, 214, 166, 477, 421, 581, 311, 595, 968, 902, 395, 597, 265, 455, 334, 22, 83, 175, 656, 1, 956, 123, 625, 884, 960, 784, 906, 743, 179, 764, 239, 845, 66, 619, 23, 184, 107, 734, 45, 748, 915, 94, 692, 684, 920, 502, 821, 129, 222, 897, 194, 178, 271, 661, 205, 408, 106, 228, 758, 760, 713, 605, 264, 183, 340, 624, 5, 732, 478, 557, 508, 440, 354, 927, 994, 96, 931, 242, 435, 823, 579, 611, 416, 413, 69, 310, 185, 893, 742, 315, 806, 895, 679, 402, 426, 955, 79, 389, 144, 118, 817, 759, 17, 475, 870, 763, 672, 961, 725, 569, 815, 372, 646, 701, 80, 683, 232, 207, 40, 146, 515, 212, 980, 348, 520, 908, 925, 367, 139, 777, 801, 695, 338, 910, 93, 442, 305, 6, 108, 710, 335, 325, 553, 117, 731, 651, 719, 216, 42, 853, 292, 148, 115, 717, 188, 873, 843, 142, 13, 868, 255, 871, 510, 320, 291, 145, 304, 51, 452, 74, 836, 190, 802, 997, 794, 482, 608, 988, 745, 939, 889, 680, 249, 438, 856, 558, 761, 872, 362, 570, 147, 0]",86934.46759657189,5.916436433792114
tsp-problem-200-16000-100-25-1.txt,"[0, 11, 71, 23, 146, 129, 65, 79, 51, 154, 198, 180, 147, 151, 152, 95, 22, 90, 112, 175, 31, 100, 92, 194, 16, 6, 186, 50, 60, 13, 121, 123, 184, 88, 187, 199, 42, 94, 91, 18, 4, 9, 34, 145, 161, 93, 28, 62, 41, 165, 17, 102, 176, 140, 55, 48, 109, 135, 19, 75, 53, 103, 178, 192, 155, 67, 144, 26, 58, 12, 36, 14, 85, 76, 113, 101, 181, 104, 124, 1, 128, 8, 172, 73, 2, 74, 153, 126, 37, 148, 120, 61, 142, 5, 64, 166, 177, 171, 98, 25, 21, 191, 164, 69, 33, 47, 39, 30, 46, 10, 59, 43, 7, 78, 20, 136, 87, 183, 24, 167, 141, 179, 82, 119, 197, 77, 105, 35, 40, 195, 81, 83, 193, 159, 138, 157, 182, 89, 168, 66, 188, 163, 158, 156, 52, 70, 122, 169, 160, 111, 132, 72, 63, 49, 115, 149, 190, 110, 114, 54, 56, 108, 130, 174, 15, 44, 127, 196, 45, 150, 107, 117, 3, 162, 133, 32, 137, 189, 170, 97, 131, 80, 173, 99, 106, 96, 118, 29, 86, 84, 57, 143, 27, 134, 139, 116, 125, 185, 68, 38, 0]",8458.190385697262,0.8009693622589111
tsp-problem-200-16000-100-5-1.txt,"[0, 124, 36, 40, 96, 161, 104, 6, 123, 118, 131, 179, 3, 78, 120, 11, 121, 86, 164, 29, 69, 22, 57, 53, 31, 196, 145, 91, 97, 48, 35, 176, 107, 66, 175, 8, 163, 134, 52, 88, 55, 143, 90, 113, 115, 199, 128, 95, 74, 141, 67, 150, 130, 30, 17, 102, 7, 147, 114, 156, 99, 180, 56, 68, 192, 93, 191, 98, 13, 64, 168, 189, 61, 46, 26, 133, 92, 77, 76, 185, 159, 106, 151, 122, 110, 47, 186, 109, 15, 4, 18, 73, 187, 59, 83, 194, 44, 170, 188, 14, 162, 94, 108, 103, 148, 178, 43, 65, 58, 119, 16, 82, 157, 5, 1, 100, 149, 54, 37, 195, 127, 32, 169, 60, 125, 50, 142, 2, 41, 20, 70, 198, 160, 183, 28, 140, 158, 154, 116, 153, 62, 173, 155, 112, 165, 184, 126, 135, 181, 132, 166, 39, 146, 144, 10, 85, 63, 51, 174, 24, 72, 38, 87, 71, 111, 137, 138, 21, 42, 75, 101, 171, 19, 9, 139, 27, 89, 182, 136, 129, 34, 117, 177, 190, 45, 167, 12, 84, 25, 33, 105, 80, 79, 81, 152, 172, 197, 49, 23, 193, 0]",17796.123898660666,0.7520015239715576
tsp-problem-200-2000-100-25-1.txt,"[0, 98, 61, 162, 71, 198, 13, 5, 170, 48, 197, 188, 121, 94, 169, 33, 195, 119, 38, 152, 110, 137, 156, 96, 106, 66, 25, 18, 86, 53, 99, 131, 51, 165, 192, 167, 157, 97, 175, 111, 139, 118, 50, 142, 41, 91, 113, 136, 34, 180, 105, 166, 104, 60, 65, 134, 133, 144, 117, 6, 44, 17, 32, 189, 37, 88, 114, 101, 59, 19, 109, 27, 183, 29, 30, 177, 93, 36, 123, 186, 42, 68, 74, 103, 100, 182, 187, 168, 161, 22, 112, 132, 95, 92, 49, 176, 46, 138, 77, 149, 108, 11, 31, 55, 40, 140, 87, 47, 115, 107, 15, 58, 56, 184, 21, 78, 7, 179, 171, 2, 52, 73, 81, 158, 63, 57, 45, 28, 102, 90, 12, 148, 67, 147, 128, 135, 20, 14, 122, 146, 82, 54, 9, 26, 191, 72, 23, 79, 193, 43, 130, 194, 83, 153, 35, 126, 16, 163, 89, 64, 62, 172, 4, 8, 124, 164, 178, 181, 69, 155, 159, 174, 76, 85, 173, 199, 10, 116, 127, 129, 84, 185, 80, 150, 70, 1, 151, 3, 143, 160, 75, 125, 190, 39, 120, 141, 24, 154, 196, 145, 0]",9290.572734112317,1.156311273574829
tsp-problem-200-2000-100-5-1.txt,"[0, 159, 121, 22, 20, 61, 59, 127, 179, 133, 29, 177, 125, 197, 7, 97, 123, 185, 84, 80, 34, 39, 71, 40, 172, 106, 92, 32, 166, 189, 171, 82, 104, 53, 169, 65, 116, 5, 67, 108, 8, 124, 135, 184, 81, 70, 149, 79, 182, 153, 142, 2, 112, 19, 157, 174, 43, 98, 76, 163, 11, 1, 136, 117, 49, 23, 24, 118, 4, 170, 26, 85, 41, 148, 62, 18, 47, 69, 138, 190, 13, 156, 57, 99, 164, 73, 132, 44, 28, 103, 6, 110, 25, 56, 191, 199, 12, 144, 37, 38, 194, 91, 139, 83, 168, 186, 35, 17, 111, 68, 146, 31, 147, 3, 188, 196, 198, 113, 102, 30, 88, 180, 130, 96, 141, 89, 137, 187, 63, 55, 9, 181, 151, 54, 161, 176, 15, 16, 109, 114, 160, 175, 45, 152, 165, 107, 14, 58, 155, 94, 86, 126, 78, 101, 131, 46, 48, 51, 52, 95, 192, 75, 64, 77, 66, 183, 105, 129, 10, 122, 87, 36, 167, 173, 72, 93, 42, 120, 115, 60, 143, 27, 193, 21, 150, 128, 50, 140, 100, 162, 74, 195, 90, 154, 134, 33, 145, 158, 119, 178, 0]",17815.32363019271,0.5000779628753662
tsp-problem-200-400-100-25-1.txt,"[0, 128, 171, 181, 108, 83, 165, 132, 156, 123, 178, 18, 78, 157, 30, 103, 96, 155, 179, 47, 189, 45, 32, 3, 142, 75, 54, 163, 34, 107, 84, 196, 154, 72, 26, 87, 12, 70, 8, 125, 48, 5, 129, 9, 14, 65, 192, 23, 49, 138, 51, 150, 28, 111, 36, 116, 97, 80, 90, 131, 98, 89, 176, 166, 67, 44, 55, 114, 4, 106, 197, 158, 57, 144, 63, 27, 199, 2, 117, 168, 151, 76, 195, 73, 147, 88, 94, 133, 19, 61, 185, 1, 191, 37, 13, 145, 161, 119, 79, 162, 177, 59, 159, 169, 118, 58, 74, 15, 10, 120, 112, 139, 41, 137, 143, 104, 11, 149, 99, 91, 81, 17, 86, 193, 7, 136, 42, 121, 183, 115, 122, 16, 25, 109, 39, 60, 50, 134, 20, 194, 35, 92, 146, 56, 184, 82, 174, 167, 182, 71, 190, 66, 69, 126, 31, 43, 160, 198, 22, 141, 172, 186, 62, 140, 53, 110, 187, 100, 102, 148, 113, 135, 85, 68, 6, 38, 188, 46, 101, 175, 40, 124, 93, 21, 127, 33, 52, 77, 164, 95, 173, 29, 153, 105, 130, 180, 64, 24, 152, 170, 0]",7728.628211141296,0.9532899856567383
tsp-problem-200-400-100-5-1.txt,"[0, 108, 41, 171, 60, 110, 160, 30, 4, 121, 126, 109, 189, 47, 149, 122, 139, 53, 183, 75, 49, 125, 134, 155, 104, 159, 101, 124, 187, 166, 98, 57, 130, 180, 145, 154, 7, 58, 177, 105, 185, 137, 73, 45, 68, 102, 147, 34, 26, 35, 29, 81, 89, 22, 120, 158, 87, 28, 157, 63, 59, 123, 42, 24, 84, 107, 176, 31, 27, 5, 48, 80, 76, 12, 112, 25, 90, 151, 193, 114, 72, 119, 156, 85, 161, 188, 6, 143, 164, 79, 56, 162, 118, 86, 38, 71, 16, 13, 70, 39, 10, 111, 2, 37, 197, 165, 32, 175, 9, 152, 69, 15, 179, 190, 93, 77, 191, 33, 19, 141, 64, 66, 1, 142, 82, 36, 131, 198, 182, 199, 43, 50, 195, 136, 140, 96, 62, 23, 14, 113, 117, 55, 184, 144, 192, 168, 169, 61, 54, 94, 181, 52, 103, 100, 133, 97, 167, 174, 99, 74, 88, 20, 172, 115, 132, 46, 78, 186, 128, 95, 8, 40, 17, 65, 178, 106, 3, 138, 150, 11, 18, 83, 163, 67, 173, 129, 196, 148, 51, 146, 91, 92, 194, 153, 21, 127, 135, 44, 116, 170, 0]",17899.850685294852,0.7454586029052734
tsp-problem-200-4000-100-25-1.txt,"[0, 9, 110, 199, 113, 127, 177, 195, 116, 120, 128, 59, 160, 30, 142, 51, 151, 175, 60, 144, 82, 192, 41, 84, 122, 47, 62, 74, 4, 148, 44, 176, 109, 157, 83, 188, 145, 3, 36, 165, 129, 197, 97, 58, 33, 178, 134, 26, 11, 27, 55, 29, 10, 81, 46, 118, 18, 189, 68, 174, 121, 94, 123, 163, 126, 48, 152, 161, 40, 17, 181, 162, 67, 159, 135, 50, 147, 35, 49, 156, 141, 6, 173, 133, 28, 138, 75, 167, 89, 57, 16, 194, 170, 85, 182, 154, 73, 63, 95, 7, 130, 92, 198, 143, 23, 115, 43, 114, 79, 25, 56, 149, 37, 112, 150, 172, 98, 2, 117, 54, 180, 66, 158, 119, 53, 12, 88, 186, 125, 42, 77, 101, 31, 71, 70, 104, 171, 131, 80, 179, 64, 107, 103, 13, 5, 169, 168, 90, 108, 15, 105, 166, 52, 185, 184, 19, 39, 78, 106, 136, 69, 86, 24, 99, 14, 8, 45, 146, 187, 191, 76, 21, 22, 196, 100, 91, 102, 137, 96, 153, 65, 111, 132, 93, 164, 140, 32, 1, 61, 87, 72, 183, 139, 38, 155, 193, 20, 34, 190, 124, 0]",8399.310857045422,0.9436407089233398
tsp-problem-200-4000-100-5-1.txt,"[0, 31, 194, 123, 102, 91, 27, 16, 120, 106, 178, 88, 33, 39, 5, 85, 126, 155, 38, 97, 116, 100, 54, 46, 108, 180, 69, 168, 60, 118, 30, 189, 137, 190, 150, 34, 80, 25, 164, 182, 133, 114, 167, 53, 154, 81, 109, 125, 83, 185, 131, 98, 169, 12, 136, 138, 112, 82, 42, 4, 175, 141, 11, 110, 93, 84, 159, 151, 127, 179, 94, 10, 55, 176, 99, 58, 6, 121, 18, 92, 198, 72, 122, 87, 158, 173, 199, 28, 139, 32, 59, 62, 21, 14, 191, 181, 24, 22, 70, 35, 44, 146, 7, 187, 8, 20, 147, 144, 117, 40, 161, 77, 73, 135, 186, 75, 192, 2, 50, 52, 188, 49, 23, 95, 143, 132, 145, 170, 45, 47, 71, 115, 128, 17, 111, 149, 67, 124, 15, 148, 129, 79, 26, 101, 119, 41, 89, 103, 184, 165, 37, 174, 64, 74, 172, 162, 96, 29, 130, 177, 78, 76, 166, 152, 13, 66, 107, 157, 183, 195, 160, 3, 140, 86, 48, 153, 9, 43, 51, 197, 104, 68, 196, 171, 1, 56, 134, 142, 19, 113, 65, 193, 105, 57, 163, 61, 156, 63, 90, 36, 0]",17807.058565906907,0.5339798927307129
tsp-problem-200-8000-100-25-1.txt,"[0, 185, 199, 19, 170, 72, 36, 83, 150, 198, 180, 61, 151, 117, 82, 34, 50, 155, 144, 147, 194, 160, 135, 59, 21, 78, 55, 181, 31, 62, 101, 102, 116, 29, 109, 23, 158, 41, 6, 149, 173, 73, 10, 132, 14, 99, 79, 112, 32, 27, 24, 133, 77, 148, 190, 43, 179, 85, 20, 127, 97, 47, 126, 64, 138, 186, 107, 42, 84, 1, 131, 167, 12, 183, 192, 115, 15, 4, 86, 196, 28, 2, 166, 162, 156, 113, 46, 137, 152, 5, 114, 71, 69, 123, 128, 88, 68, 176, 22, 142, 33, 108, 40, 191, 122, 76, 103, 136, 189, 39, 120, 177, 74, 70, 146, 118, 11, 35, 175, 95, 63, 80, 91, 178, 53, 54, 197, 89, 17, 169, 48, 106, 7, 153, 3, 98, 94, 16, 37, 145, 124, 193, 139, 38, 49, 172, 65, 161, 104, 134, 130, 171, 100, 93, 182, 58, 165, 8, 30, 45, 141, 187, 26, 121, 140, 60, 13, 81, 157, 184, 75, 125, 96, 111, 129, 168, 163, 105, 195, 57, 92, 52, 154, 25, 119, 110, 51, 188, 66, 90, 18, 174, 87, 67, 56, 44, 164, 9, 159, 143, 0]",8450.837449947412,0.8702003955841064
tsp-problem-200-8000-100-5-1.txt,"[0, 143, 123, 116, 103, 96, 85, 98, 97, 63, 128, 49, 1, 162, 112, 45, 113, 74, 92, 161, 75, 191, 29, 149, 172, 4, 132, 135, 18, 141, 133, 87, 153, 40, 61, 195, 68, 108, 136, 48, 139, 62, 54, 152, 80, 33, 185, 101, 109, 91, 193, 151, 3, 170, 145, 94, 16, 104, 178, 186, 13, 166, 14, 160, 138, 167, 131, 93, 126, 83, 56, 124, 147, 111, 105, 15, 129, 24, 198, 99, 125, 158, 20, 76, 67, 90, 88, 95, 102, 182, 32, 115, 119, 100, 72, 46, 150, 39, 106, 37, 134, 174, 165, 66, 41, 79, 114, 8, 60, 171, 127, 77, 137, 107, 2, 44, 180, 155, 140, 142, 27, 34, 47, 188, 156, 121, 176, 117, 38, 169, 84, 183, 148, 175, 159, 71, 21, 69, 164, 64, 184, 28, 52, 7, 199, 194, 6, 86, 130, 9, 118, 73, 26, 154, 65, 190, 189, 196, 144, 173, 11, 82, 177, 22, 78, 31, 59, 122, 42, 10, 5, 25, 50, 43, 23, 19, 157, 36, 197, 81, 57, 53, 12, 187, 58, 17, 35, 51, 168, 181, 120, 30, 110, 70, 192, 163, 179, 89, 146, 55, 0]",17772.626615631096,0.5914742946624756
tsp-problem-25-125-100-25-1.txt,"[0, 22, 4, 2, 23, 8, 12, 5, 3, 17, 6, 21, 1, 18, 14, 7, 10, 20, 13, 16, 11, 15, 24, 19, 9, 0]",1675.0132911983335,0.002635955810546875
tsp-problem-25-125-100-5-1.txt,"[0, 13, 20, 5, 4, 17, 22, 8, 11, 9, 15, 2, 18, 12, 10, 16, 6, 3, 1, 24, 21, 14, 7, 23, 19, 0]",2309.144062002148,0.0025985240936279297
tsp-problem-25-250-100-25-1.txt,"[0, 12, 20, 2, 11, 21, 18, 15, 16, 9, 14, 13, 1, 4, 22, 10, 17, 24, 23, 6, 5, 8, 19, 3, 7, 0]",1568.3250317583045,0.0
tsp-problem-25-250-100-5-1.txt,"[0, 2, 8, 13, 19, 15, 7, 3, 6, 18, 24, 1, 10, 16, 5, 12, 20, 4, 9, 23, 14, 22, 21, 17, 11, 0]",2311.7967813467735,0.0
tsp-problem-25-31-100-25-1.txt,"[0, 20, 10, 7, 16, 24, 17, 3, 11, 12, 14, 18, 1, 22, 4, 19, 9, 8, 21, 2, 6, 5, 13, 23, 15, 0]",1479.9099016054822,0.0061795711517333984
tsp-problem-25-31-100-5-1.txt,"[0, 18, 7, 21, 20, 6, 4, 5, 13, 15, 2, 19, 14, 11, 10, 8, 23, 17, 3, 1, 22, 9, 24, 16, 12, 0]",2310.909590824658,0.006235837936401367
tsp-problem-25-6-100-25-1.txt,"[0, 1, 17, 19, 6, 2, 22, 3, 10, 15, 13, 18, 21, 14, 8, 12, 9, 7, 23, 11, 24, 4, 20, 16, 5, 0]",1490.127144495987,0.014197111129760742
tsp-problem-25-6-100-5-1.txt,"[0, 9, 14, 7, 5, 13, 1, 2, 10, 4, 18, 8, 6, 16, 21, 17, 22, 19, 15, 20, 24, 12, 11, 3, 23, 0]",2473.263830618128,0.008188962936401367
tsp-problem-25-62-100-25-1.txt,"[0, 14, 2, 20, 17, 9, 4, 18, 7, 23, 22, 19, 6, 13, 24, 10, 3, 21, 5, 1, 8, 16, 12, 11, 15, 0]",1644.5850766039605,0.016711950302124023
tsp-problem-25-62-100-5-1.txt,"[0, 14, 24, 12, 1, 15, 9, 4, 6, 2, 11, 3, 21, 20, 5, 23, 8, 22, 17, 10, 7, 19, 18, 13, 16, 0]",2347.157715817808,0.00881338119506836
tsp-problem-300-18000-100-25-1.txt,"[0, 12, 256, 260, 33, 52, 13, 51, 181, 137, 188, 258, 250, 29, 224, 113, 16, 92, 267, 229, 235, 98, 66, 46, 249, 14, 116, 195, 174, 114, 279, 18, 111, 55, 93, 61, 6, 68, 261, 270, 298, 269, 80, 125, 245, 70, 297, 192, 155, 54, 273, 180, 291, 278, 244, 210, 231, 76, 288, 15, 161, 179, 167, 84, 143, 95, 253, 67, 88, 243, 124, 216, 215, 21, 198, 110, 35, 156, 276, 171, 208, 286, 237, 64, 185, 282, 148, 140, 100, 184, 41, 121, 205, 63, 173, 241, 285, 257, 53, 255, 117, 294, 59, 234, 11, 139, 218, 123, 32, 132, 290, 194, 20, 200, 284, 296, 176, 141, 266, 271, 204, 277, 28, 163, 223, 212, 293, 22, 40, 134, 26, 299, 85, 107, 146, 172, 87, 206, 157, 238, 24, 175, 259, 58, 183, 178, 264, 149, 118, 162, 154, 86, 50, 283, 83, 136, 295, 90, 129, 233, 222, 151, 193, 217, 2, 248, 39, 133, 202, 74, 17, 109, 47, 142, 126, 274, 36, 268, 97, 103, 226, 101, 197, 77, 108, 230, 4, 1, 60, 225, 45, 27, 56, 240, 221, 99, 112, 182, 292, 153, 207, 120, 201, 31, 130, 191, 199, 275, 227, 44, 89, 150, 104, 254, 168, 152, 165, 25, 65, 34, 220, 94, 239, 91, 96, 160, 73, 105, 281, 43, 186, 147, 145, 189, 247, 228, 236, 262, 9, 214, 159, 71, 48, 164, 62, 265, 219, 166, 3, 169, 232, 49, 122, 246, 131, 242, 72, 5, 287, 75, 78, 10, 144, 138, 203, 213, 135, 196, 38, 272, 280, 106, 119, 170, 82, 158, 102, 263, 289, 69, 23, 115, 42, 19, 127, 209, 252, 211, 128, 7, 177, 190, 8, 81, 37, 251, 79, 30, 187, 57, 0]",12087.555254585257,2.611935615539551
tsp-problem-300-18000-100-5-1.txt,"[0, 39, 158, 121, 295, 181, 282, 180, 87, 178, 83, 53, 184, 27, 74, 278, 142, 122, 56, 61, 162, 289, 120, 254, 144, 228, 94, 170, 258, 163, 57, 70, 126, 6, 140, 246, 277, 274, 55, 264, 24, 69, 25, 137, 95, 279, 156, 223, 249, 103, 28, 229, 29, 153, 110, 26, 272, 269, 291, 90, 71, 100, 139, 190, 233, 109, 199, 241, 176, 133, 136, 108, 34, 93, 207, 217, 265, 297, 169, 187, 67, 134, 183, 192, 23, 102, 231, 271, 43, 215, 283, 76, 138, 259, 60, 58, 275, 284, 196, 63, 256, 84, 97, 123, 165, 188, 86, 224, 41, 99, 31, 150, 226, 294, 173, 200, 30, 191, 182, 167, 171, 189, 248, 252, 145, 105, 266, 197, 247, 111, 148, 273, 124, 72, 286, 96, 130, 175, 218, 47, 157, 164, 115, 213, 202, 88, 243, 59, 290, 255, 172, 33, 239, 159, 14, 7, 89, 117, 81, 11, 22, 212, 263, 235, 98, 12, 66, 38, 299, 206, 250, 79, 225, 296, 101, 68, 17, 18, 262, 280, 276, 242, 132, 210, 238, 194, 91, 35, 237, 257, 198, 219, 268, 281, 214, 1, 13, 261, 147, 32, 135, 50, 236, 128, 46, 285, 116, 125, 141, 36, 267, 234, 174, 5, 131, 195, 15, 10, 245, 73, 186, 92, 129, 80, 48, 240, 168, 149, 85, 205, 260, 77, 244, 106, 203, 64, 292, 154, 232, 9, 227, 3, 201, 288, 216, 204, 42, 208, 65, 251, 112, 21, 44, 127, 51, 230, 155, 270, 211, 152, 287, 82, 114, 113, 8, 119, 179, 19, 298, 221, 75, 253, 193, 78, 143, 209, 293, 222, 161, 118, 146, 107, 220, 166, 104, 2, 185, 49, 62, 37, 52, 45, 160, 20, 54, 40, 177, 16, 4, 151, 0]",26654.67288951991,1.3904337882995605
tsp-problem-300-36000-100-25-1.txt,"[0, 240, 120, 131, 201, 105, 197, 110, 297, 156, 117, 12, 265, 174, 195, 224, 277, 247, 21, 85, 92, 39, 35, 91, 62, 159, 263, 87, 293, 144, 114, 51, 127, 63, 49, 55, 286, 119, 167, 137, 8, 200, 32, 216, 251, 65, 205, 218, 58, 233, 230, 165, 220, 153, 109, 48, 122, 229, 9, 11, 274, 284, 235, 189, 61, 52, 298, 282, 245, 80, 232, 121, 129, 176, 82, 64, 23, 81, 196, 177, 54, 57, 151, 175, 15, 59, 248, 160, 182, 257, 7, 76, 162, 271, 185, 198, 215, 253, 173, 99, 152, 231, 75, 207, 18, 40, 53, 78, 14, 66, 219, 69, 299, 212, 149, 254, 141, 187, 86, 142, 244, 295, 166, 255, 3, 10, 242, 170, 258, 209, 135, 241, 276, 164, 113, 256, 28, 206, 25, 20, 72, 294, 84, 5, 100, 30, 225, 89, 291, 288, 34, 27, 186, 228, 108, 194, 192, 143, 280, 267, 150, 252, 101, 19, 292, 208, 287, 98, 188, 136, 126, 97, 168, 125, 283, 169, 90, 124, 262, 204, 107, 275, 211, 16, 264, 234, 130, 29, 104, 50, 158, 43, 74, 180, 106, 60, 147, 115, 4, 146, 290, 71, 270, 238, 163, 161, 155, 268, 249, 56, 134, 47, 96, 202, 281, 199, 221, 83, 289, 278, 190, 123, 210, 138, 148, 266, 184, 178, 285, 154, 217, 116, 95, 193, 222, 183, 273, 1, 140, 203, 93, 132, 181, 102, 31, 227, 223, 17, 259, 88, 191, 22, 112, 45, 279, 73, 250, 172, 33, 239, 246, 41, 226, 179, 236, 38, 36, 171, 157, 24, 133, 103, 261, 13, 46, 243, 2, 118, 213, 42, 68, 260, 272, 70, 37, 214, 94, 145, 269, 26, 6, 79, 77, 237, 67, 296, 111, 139, 128, 44, 0]",12067.507423185725,2.0523269176483154
tsp-problem-300-36000-100-5-1.txt,"[0, 106, 207, 236, 184, 223, 219, 55, 249, 153, 131, 171, 250, 173, 242, 164, 120, 66, 274, 233, 284, 22, 101, 198, 231, 28, 254, 110, 6, 166, 25, 235, 283, 34, 208, 19, 17, 13, 76, 239, 174, 15, 122, 7, 276, 129, 38, 102, 105, 113, 234, 39, 77, 12, 133, 210, 170, 177, 2, 244, 259, 109, 54, 41, 213, 123, 143, 148, 150, 81, 59, 192, 108, 154, 20, 73, 229, 186, 126, 121, 44, 224, 261, 162, 204, 27, 294, 60, 26, 246, 273, 195, 238, 270, 247, 132, 293, 243, 124, 47, 18, 289, 159, 255, 144, 151, 202, 191, 71, 91, 1, 265, 32, 23, 269, 275, 203, 281, 157, 56, 142, 84, 287, 3, 137, 85, 282, 149, 258, 48, 245, 228, 42, 21, 201, 299, 252, 63, 227, 226, 4, 240, 271, 136, 248, 279, 72, 80, 104, 185, 156, 37, 127, 92, 196, 45, 30, 220, 286, 125, 134, 116, 51, 163, 298, 200, 140, 147, 10, 69, 297, 175, 182, 31, 9, 194, 139, 8, 94, 263, 46, 82, 292, 160, 290, 53, 155, 49, 277, 145, 36, 291, 14, 199, 97, 11, 241, 99, 272, 35, 98, 40, 178, 88, 141, 114, 93, 288, 67, 187, 24, 169, 16, 285, 50, 262, 205, 130, 111, 188, 57, 189, 232, 79, 214, 206, 68, 221, 209, 118, 117, 193, 222, 167, 115, 296, 90, 197, 211, 100, 215, 180, 179, 29, 52, 217, 165, 267, 107, 70, 161, 181, 183, 96, 152, 168, 61, 33, 64, 190, 278, 58, 87, 119, 266, 264, 268, 212, 62, 78, 128, 216, 158, 253, 86, 172, 65, 103, 260, 83, 75, 280, 112, 146, 225, 295, 43, 237, 257, 256, 230, 135, 138, 218, 95, 176, 74, 251, 89, 5, 0]",26555.31651919844,1.1991932392120361
tsp-problem-300-4500-100-25-1.txt,"[0, 219, 44, 29, 97, 16, 73, 132, 63, 59, 118, 266, 197, 177, 297, 115, 36, 284, 256, 109, 178, 198, 39, 2, 185, 260, 154, 69, 207, 31, 24, 298, 81, 43, 89, 269, 187, 229, 168, 254, 203, 262, 48, 153, 200, 271, 290, 264, 234, 45, 142, 128, 160, 110, 180, 106, 174, 214, 95, 148, 236, 135, 250, 134, 52, 162, 291, 239, 286, 12, 247, 232, 33, 209, 261, 151, 41, 188, 83, 161, 283, 249, 202, 273, 103, 282, 104, 88, 40, 155, 91, 231, 146, 281, 114, 171, 4, 267, 28, 139, 1, 157, 5, 126, 227, 38, 65, 158, 296, 275, 167, 34, 32, 272, 144, 90, 251, 127, 26, 257, 123, 235, 159, 30, 136, 201, 6, 17, 206, 150, 277, 217, 248, 220, 222, 10, 295, 221, 60, 55, 218, 259, 57, 61, 145, 176, 149, 108, 82, 172, 75, 191, 124, 196, 243, 99, 292, 244, 147, 238, 102, 278, 285, 186, 166, 119, 152, 46, 270, 74, 163, 62, 182, 23, 3, 50, 240, 116, 211, 70, 13, 265, 137, 252, 208, 288, 164, 274, 138, 49, 58, 246, 9, 210, 189, 122, 181, 100, 156, 21, 94, 183, 140, 15, 224, 223, 86, 85, 141, 71, 11, 294, 22, 190, 216, 42, 293, 77, 130, 19, 133, 67, 96, 113, 237, 204, 205, 112, 8, 280, 53, 287, 170, 179, 215, 84, 268, 98, 47, 173, 255, 14, 64, 56, 80, 165, 225, 78, 51, 27, 143, 258, 35, 18, 230, 117, 68, 87, 121, 184, 175, 212, 279, 195, 193, 111, 253, 226, 129, 125, 92, 66, 276, 263, 289, 299, 54, 120, 242, 79, 241, 194, 213, 192, 169, 101, 37, 245, 25, 199, 76, 233, 228, 131, 107, 7, 72, 93, 105, 20, 0]",11695.083581730478,3.0435616970062256
tsp-problem-300-4500-100-5-1.txt,"[0, 71, 35, 201, 122, 91, 172, 94, 139, 19, 254, 4, 253, 197, 196, 229, 234, 272, 180, 252, 288, 3, 181, 280, 125, 74, 12, 289, 271, 255, 224, 112, 257, 131, 173, 54, 274, 50, 177, 92, 138, 56, 187, 81, 206, 193, 69, 42, 98, 239, 258, 256, 171, 18, 232, 203, 33, 157, 283, 96, 80, 149, 156, 236, 70, 25, 145, 55, 84, 147, 282, 179, 208, 102, 215, 72, 49, 285, 279, 140, 14, 204, 31, 249, 88, 53, 141, 32, 202, 195, 103, 154, 15, 137, 222, 161, 143, 276, 28, 82, 75, 2, 250, 199, 220, 159, 134, 85, 58, 130, 165, 235, 251, 6, 207, 264, 244, 142, 117, 248, 30, 162, 20, 36, 174, 186, 155, 129, 219, 198, 183, 168, 267, 66, 99, 259, 39, 101, 47, 104, 178, 209, 87, 83, 284, 275, 291, 44, 68, 57, 60, 26, 164, 77, 231, 89, 17, 144, 296, 8, 5, 109, 1, 97, 93, 105, 37, 78, 189, 188, 213, 226, 210, 263, 170, 158, 121, 110, 107, 128, 228, 194, 287, 48, 294, 100, 23, 278, 113, 270, 152, 221, 43, 135, 27, 246, 51, 277, 95, 166, 10, 111, 266, 218, 269, 108, 67, 136, 65, 124, 79, 214, 185, 243, 216, 115, 126, 190, 120, 24, 290, 146, 153, 119, 299, 13, 223, 225, 150, 212, 200, 90, 238, 11, 230, 160, 247, 34, 76, 191, 268, 298, 114, 123, 182, 261, 292, 205, 132, 176, 61, 46, 9, 169, 38, 260, 293, 175, 40, 233, 151, 211, 163, 265, 148, 192, 21, 295, 133, 7, 59, 29, 64, 262, 241, 41, 45, 63, 217, 127, 281, 86, 52, 297, 240, 106, 286, 62, 22, 116, 167, 242, 245, 227, 273, 118, 16, 73, 184, 237, 0]",26613.821410567376,1.3179917335510254
tsp-problem-300-900-100-25-1.txt,"[0, 56, 272, 123, 206, 157, 82, 98, 63, 4, 285, 288, 81, 15, 45, 83, 251, 2, 263, 188, 1, 101, 148, 179, 277, 88, 122, 75, 34, 257, 172, 293, 194, 10, 43, 60, 290, 51, 84, 64, 178, 16, 9, 279, 294, 211, 204, 189, 147, 299, 42, 197, 256, 121, 164, 169, 228, 44, 174, 48, 17, 74, 171, 242, 214, 27, 150, 128, 233, 258, 181, 292, 283, 190, 284, 160, 14, 57, 141, 273, 287, 13, 151, 224, 30, 255, 235, 62, 269, 186, 127, 286, 79, 111, 46, 232, 24, 297, 6, 177, 132, 33, 49, 207, 152, 37, 36, 99, 245, 208, 67, 187, 66, 95, 11, 110, 90, 136, 3, 192, 248, 109, 155, 231, 270, 266, 94, 252, 183, 117, 249, 105, 52, 102, 55, 238, 70, 80, 130, 8, 133, 59, 144, 73, 165, 142, 271, 219, 87, 120, 239, 191, 114, 162, 35, 237, 253, 93, 68, 139, 217, 260, 193, 247, 119, 236, 112, 138, 199, 39, 227, 92, 140, 213, 118, 40, 149, 243, 195, 124, 58, 267, 159, 295, 282, 215, 203, 106, 89, 225, 170, 205, 50, 261, 296, 202, 77, 262, 53, 20, 54, 291, 156, 25, 216, 221, 168, 47, 113, 12, 135, 280, 38, 96, 276, 107, 22, 234, 146, 103, 134, 220, 153, 78, 97, 167, 210, 23, 32, 241, 246, 244, 26, 180, 196, 104, 265, 154, 86, 175, 274, 230, 71, 223, 163, 116, 226, 143, 218, 166, 91, 185, 176, 240, 212, 18, 209, 222, 268, 298, 76, 289, 129, 137, 41, 31, 275, 250, 182, 126, 115, 278, 281, 100, 19, 5, 259, 198, 264, 28, 85, 158, 145, 200, 65, 69, 7, 184, 72, 229, 254, 61, 125, 131, 29, 201, 173, 21, 108, 161, 0]",12178.142960245614,2.628171682357788
tsp-problem-300-900-100-5-1.txt,"[0, 104, 285, 25, 137, 162, 34, 11, 126, 67, 110, 31, 235, 266, 270, 123, 6, 240, 237, 1, 275, 232, 188, 133, 272, 19, 186, 169, 204, 180, 222, 213, 47, 286, 182, 20, 288, 124, 220, 281, 205, 262, 78, 24, 81, 268, 203, 274, 252, 202, 259, 265, 157, 151, 45, 68, 41, 173, 53, 117, 91, 103, 141, 143, 86, 257, 119, 166, 238, 32, 297, 74, 128, 79, 184, 71, 112, 150, 46, 35, 4, 92, 57, 144, 284, 168, 154, 280, 33, 241, 12, 210, 80, 185, 190, 244, 277, 83, 70, 113, 191, 225, 64, 51, 44, 171, 187, 85, 200, 15, 27, 223, 212, 245, 23, 239, 197, 247, 101, 145, 176, 90, 242, 129, 43, 56, 77, 142, 115, 14, 292, 16, 122, 234, 108, 102, 260, 30, 84, 181, 21, 279, 226, 214, 114, 164, 229, 161, 215, 159, 278, 208, 269, 3, 290, 165, 76, 195, 178, 99, 255, 217, 221, 109, 167, 38, 231, 116, 296, 17, 246, 258, 189, 183, 60, 233, 131, 118, 283, 228, 298, 282, 160, 224, 58, 179, 149, 93, 295, 65, 22, 236, 55, 256, 271, 107, 39, 156, 209, 135, 5, 174, 9, 106, 193, 139, 199, 177, 136, 89, 130, 48, 153, 72, 2, 61, 28, 50, 175, 125, 94, 18, 75, 254, 273, 97, 207, 96, 158, 105, 287, 66, 291, 148, 146, 194, 155, 82, 216, 276, 218, 73, 267, 251, 147, 253, 152, 163, 196, 54, 134, 264, 95, 26, 49, 261, 263, 294, 138, 172, 88, 111, 121, 299, 227, 40, 250, 100, 289, 243, 249, 29, 42, 37, 59, 127, 62, 132, 120, 201, 248, 293, 170, 36, 8, 192, 13, 98, 7, 219, 140, 10, 52, 198, 69, 63, 206, 230, 211, 87, 0]",26389.725152566185,1.1743857860565186
tsp-problem-300-9000-100-25-1.txt,"[0, 33, 67, 266, 236, 29, 142, 241, 206, 275, 193, 235, 133, 94, 116, 226, 179, 297, 246, 289, 183, 265, 37, 60, 257, 221, 281, 4, 80, 92, 58, 176, 113, 146, 11, 100, 170, 171, 145, 13, 259, 288, 90, 54, 234, 155, 101, 296, 217, 24, 19, 31, 273, 208, 96, 274, 85, 50, 164, 14, 256, 104, 192, 2, 99, 163, 224, 166, 121, 165, 130, 253, 131, 148, 244, 245, 229, 196, 62, 102, 46, 38, 88, 27, 66, 53, 216, 172, 140, 35, 158, 69, 258, 227, 22, 139, 201, 97, 126, 252, 282, 270, 219, 151, 161, 55, 264, 52, 186, 262, 195, 294, 231, 9, 73, 173, 247, 41, 181, 91, 57, 239, 295, 197, 230, 77, 110, 26, 210, 255, 93, 251, 237, 45, 189, 42, 83, 285, 290, 105, 117, 225, 118, 232, 127, 3, 10, 134, 280, 194, 44, 137, 70, 61, 190, 119, 114, 220, 49, 106, 178, 157, 16, 276, 56, 132, 59, 128, 84, 135, 198, 63, 47, 12, 298, 1, 291, 103, 7, 64, 284, 136, 243, 238, 86, 187, 79, 213, 261, 160, 51, 8, 18, 87, 203, 223, 71, 204, 141, 68, 191, 111, 212, 109, 150, 222, 269, 39, 74, 228, 76, 207, 248, 123, 32, 299, 188, 263, 115, 293, 200, 254, 81, 17, 143, 202, 277, 34, 182, 162, 65, 211, 267, 199, 25, 250, 95, 154, 124, 144, 272, 286, 271, 98, 36, 28, 6, 159, 75, 168, 15, 43, 156, 249, 242, 107, 5, 268, 21, 283, 125, 174, 40, 20, 23, 185, 152, 240, 218, 153, 147, 292, 287, 89, 120, 180, 184, 215, 48, 122, 108, 177, 214, 138, 72, 279, 278, 112, 30, 82, 209, 169, 167, 78, 149, 205, 233, 260, 129, 175, 0]",11898.611512266709,3.7773656845092773
tsp-problem-300-9000-100-5-1.txt,"[0, 107, 47, 120, 31, 151, 150, 64, 156, 239, 85, 9, 16, 26, 142, 37, 15, 202, 194, 130, 253, 167, 70, 219, 39, 286, 96, 123, 251, 195, 4, 162, 266, 134, 226, 207, 209, 136, 17, 198, 54, 112, 33, 7, 259, 287, 82, 115, 126, 295, 231, 278, 203, 200, 44, 252, 176, 263, 280, 255, 192, 201, 211, 72, 243, 281, 213, 42, 276, 197, 73, 128, 241, 227, 208, 98, 170, 102, 105, 143, 223, 41, 1, 166, 171, 75, 19, 270, 21, 245, 91, 76, 220, 182, 148, 191, 291, 124, 232, 88, 254, 183, 163, 36, 8, 154, 22, 18, 272, 27, 57, 29, 113, 144, 63, 299, 240, 28, 282, 104, 164, 45, 228, 62, 80, 129, 180, 177, 271, 190, 119, 117, 149, 161, 217, 106, 49, 222, 196, 65, 199, 110, 101, 242, 221, 237, 79, 174, 168, 108, 84, 35, 109, 40, 60, 53, 297, 11, 233, 186, 173, 158, 244, 225, 140, 81, 262, 12, 61, 78, 264, 5, 268, 147, 236, 125, 103, 95, 210, 52, 24, 193, 51, 277, 273, 77, 90, 146, 139, 30, 13, 145, 97, 218, 269, 175, 275, 261, 205, 204, 159, 284, 212, 285, 83, 127, 92, 94, 10, 118, 3, 48, 247, 258, 141, 111, 250, 2, 215, 165, 206, 152, 294, 290, 66, 116, 187, 121, 155, 224, 184, 293, 56, 25, 86, 50, 256, 246, 283, 179, 160, 20, 68, 214, 188, 296, 178, 58, 114, 234, 185, 137, 181, 138, 135, 289, 23, 248, 55, 153, 89, 230, 34, 69, 189, 157, 265, 216, 67, 59, 131, 238, 100, 267, 229, 87, 257, 38, 169, 132, 32, 279, 298, 288, 99, 46, 274, 43, 71, 93, 235, 249, 172, 292, 122, 133, 6, 74, 14, 260, 0]",26581.81735440399,1.423696756362915
tsp-problem-400-1600-100-25-1.txt,"[0, 108, 109, 359, 75, 99, 116, 264, 191, 277, 386, 136, 357, 74, 44, 167, 142, 126, 107, 312, 318, 166, 159, 300, 130, 217, 198, 258, 93, 391, 383, 16, 228, 304, 9, 352, 47, 244, 240, 194, 374, 346, 187, 113, 89, 274, 215, 322, 307, 361, 242, 331, 82, 77, 53, 110, 145, 376, 54, 222, 83, 169, 231, 30, 216, 381, 366, 29, 185, 328, 210, 283, 284, 317, 76, 147, 55, 164, 163, 120, 127, 50, 72, 306, 19, 212, 296, 218, 197, 219, 176, 367, 373, 157, 57, 69, 152, 336, 384, 353, 377, 141, 144, 285, 225, 195, 387, 354, 137, 223, 269, 118, 275, 39, 56, 324, 192, 305, 96, 84, 10, 161, 34, 186, 45, 168, 171, 288, 140, 63, 64, 17, 111, 28, 392, 32, 337, 220, 196, 156, 241, 316, 97, 51, 98, 259, 326, 338, 158, 11, 342, 20, 42, 226, 235, 255, 190, 281, 59, 122, 86, 68, 73, 297, 256, 380, 48, 79, 234, 250, 310, 252, 132, 61, 299, 204, 382, 43, 184, 18, 329, 260, 65, 80, 309, 49, 153, 123, 251, 303, 125, 117, 249, 46, 139, 106, 221, 208, 295, 71, 178, 340, 7, 41, 170, 90, 343, 200, 5, 37, 175, 247, 189, 350, 364, 315, 151, 85, 4, 349, 33, 205, 308, 368, 314, 330, 335, 26, 266, 52, 133, 311, 232, 248, 351, 143, 60, 2, 160, 396, 209, 236, 183, 81, 131, 211, 276, 313, 302, 103, 62, 115, 375, 325, 199, 290, 38, 14, 203, 230, 268, 92, 238, 146, 280, 237, 155, 179, 360, 390, 399, 22, 294, 102, 154, 271, 347, 321, 254, 261, 27, 129, 262, 363, 36, 202, 355, 112, 372, 229, 206, 253, 1, 348, 257, 162, 334, 291, 31, 378, 70, 165, 323, 67, 148, 398, 177, 319, 134, 3, 388, 188, 78, 389, 394, 279, 246, 121, 40, 344, 21, 263, 124, 379, 172, 356, 341, 12, 88, 395, 339, 66, 174, 25, 214, 265, 397, 243, 385, 87, 173, 128, 119, 94, 365, 224, 135, 150, 181, 293, 273, 286, 320, 114, 15, 95, 358, 100, 245, 6, 23, 233, 267, 332, 292, 180, 58, 289, 227, 13, 91, 393, 182, 24, 301, 287, 362, 369, 345, 201, 207, 104, 298, 333, 213, 278, 282, 239, 8, 370, 272, 149, 270, 327, 35, 193, 371, 138, 101, 105, 0]",14613.450071998688,5.689794301986694
tsp-problem-400-1600-100-5-1.txt,"[0, 344, 207, 188, 316, 349, 220, 303, 56, 242, 125, 225, 68, 287, 308, 158, 243, 21, 274, 235, 182, 387, 85, 147, 153, 183, 19, 113, 98, 187, 78, 18, 318, 218, 29, 156, 138, 20, 48, 58, 154, 217, 211, 129, 342, 155, 157, 222, 398, 76, 230, 194, 215, 309, 146, 82, 310, 253, 331, 189, 144, 383, 257, 165, 12, 163, 22, 275, 35, 54, 298, 192, 75, 312, 69, 199, 109, 233, 375, 141, 168, 251, 370, 185, 360, 395, 396, 149, 64, 397, 334, 33, 212, 352, 368, 140, 249, 270, 171, 47, 179, 216, 229, 4, 208, 81, 169, 73, 17, 176, 178, 184, 92, 313, 284, 321, 364, 9, 341, 276, 15, 324, 259, 236, 100, 159, 351, 114, 320, 382, 263, 105, 254, 66, 202, 122, 62, 104, 245, 132, 50, 260, 8, 367, 314, 347, 328, 43, 246, 255, 394, 345, 67, 193, 381, 386, 130, 27, 102, 150, 167, 121, 37, 25, 280, 288, 94, 262, 86, 277, 371, 204, 30, 293, 290, 365, 281, 205, 10, 325, 247, 134, 87, 152, 301, 123, 392, 232, 39, 151, 265, 297, 110, 283, 384, 172, 329, 136, 59, 60, 261, 266, 390, 170, 99, 5, 238, 223, 106, 237, 264, 273, 388, 88, 307, 256, 315, 289, 323, 200, 333, 180, 358, 11, 80, 197, 44, 74, 393, 231, 248, 363, 63, 70, 337, 13, 268, 108, 219, 95, 126, 77, 330, 221, 241, 339, 286, 23, 353, 326, 244, 350, 1, 117, 133, 338, 160, 164, 6, 250, 161, 79, 42, 24, 65, 354, 139, 332, 186, 101, 228, 391, 357, 173, 91, 166, 16, 278, 36, 111, 226, 213, 296, 369, 72, 322, 379, 258, 191, 282, 97, 28, 124, 224, 234, 119, 49, 300, 376, 190, 335, 279, 373, 148, 206, 40, 116, 302, 295, 31, 3, 127, 362, 336, 378, 366, 46, 84, 203, 71, 267, 343, 145, 7, 239, 252, 89, 53, 305, 306, 118, 319, 299, 90, 14, 142, 292, 52, 269, 201, 399, 96, 38, 57, 55, 385, 2, 61, 137, 175, 294, 209, 348, 272, 41, 227, 51, 162, 271, 356, 103, 128, 26, 177, 317, 143, 355, 120, 304, 131, 380, 112, 374, 181, 107, 135, 327, 198, 32, 210, 361, 115, 195, 174, 346, 389, 359, 291, 45, 340, 311, 240, 372, 214, 93, 83, 34, 285, 377, 196, 0]",35229.94567668279,2.2881832122802734
tsp-problem-400-16000-100-25-1.txt,"[0, 191, 120, 24, 116, 257, 109, 87, 47, 30, 49, 234, 132, 202, 69, 165, 245, 326, 247, 14, 58, 108, 334, 122, 320, 277, 315, 366, 89, 377, 219, 74, 299, 298, 144, 241, 178, 190, 396, 389, 365, 104, 212, 342, 344, 2, 316, 16, 260, 352, 193, 338, 21, 308, 325, 1, 371, 349, 300, 139, 263, 48, 12, 337, 111, 235, 146, 182, 330, 92, 358, 374, 236, 55, 152, 284, 63, 351, 290, 311, 126, 266, 100, 306, 147, 9, 61, 209, 131, 294, 197, 105, 261, 357, 201, 6, 253, 194, 361, 71, 242, 244, 121, 91, 130, 45, 230, 94, 99, 195, 56, 278, 39, 179, 26, 381, 54, 353, 323, 291, 124, 280, 200, 297, 188, 276, 166, 223, 28, 113, 373, 114, 175, 72, 170, 185, 125, 3, 345, 127, 287, 250, 233, 399, 382, 97, 256, 221, 237, 335, 317, 271, 231, 79, 60, 102, 312, 117, 354, 314, 307, 67, 34, 228, 7, 145, 295, 362, 267, 363, 240, 98, 70, 265, 43, 171, 135, 90, 391, 51, 356, 333, 44, 118, 380, 387, 275, 20, 17, 172, 309, 210, 249, 77, 148, 339, 68, 168, 286, 385, 189, 319, 282, 386, 379, 281, 246, 143, 273, 19, 40, 360, 133, 279, 53, 355, 8, 119, 129, 318, 95, 269, 32, 76, 388, 238, 321, 274, 341, 158, 305, 252, 159, 384, 192, 232, 392, 332, 183, 50, 367, 211, 78, 368, 204, 229, 174, 259, 57, 336, 395, 153, 29, 289, 96, 348, 394, 372, 66, 322, 150, 140, 160, 285, 264, 243, 292, 343, 187, 255, 340, 177, 181, 52, 149, 25, 262, 350, 128, 41, 106, 31, 393, 65, 398, 283, 383, 205, 375, 36, 207, 13, 216, 224, 206, 302, 227, 138, 42, 88, 346, 157, 22, 288, 215, 347, 161, 123, 303, 310, 59, 184, 84, 37, 115, 214, 101, 141, 10, 258, 162, 186, 103, 313, 75, 80, 93, 62, 304, 390, 167, 222, 27, 112, 301, 110, 213, 217, 38, 64, 270, 248, 134, 376, 370, 203, 86, 328, 199, 369, 107, 359, 4, 254, 46, 164, 155, 33, 397, 137, 156, 180, 239, 176, 18, 268, 364, 15, 226, 11, 196, 151, 81, 296, 272, 329, 324, 82, 327, 85, 173, 154, 198, 169, 293, 35, 73, 136, 142, 208, 5, 23, 378, 331, 218, 251, 225, 220, 163, 83, 0]",14662.830339900225,4.376035451889038
tsp-problem-400-16000-100-5-1.txt,"[0, 152, 139, 103, 69, 338, 292, 390, 114, 3, 53, 245, 363, 314, 237, 286, 235, 118, 59, 242, 96, 275, 101, 283, 313, 391, 50, 276, 277, 268, 225, 358, 309, 351, 378, 13, 370, 49, 28, 206, 133, 31, 116, 260, 140, 33, 386, 169, 208, 73, 4, 340, 329, 142, 210, 383, 192, 256, 27, 149, 106, 130, 285, 186, 126, 189, 188, 145, 282, 244, 217, 350, 303, 128, 202, 32, 182, 104, 14, 355, 166, 82, 71, 264, 269, 163, 203, 341, 288, 137, 266, 153, 109, 54, 218, 267, 247, 170, 261, 327, 224, 227, 394, 129, 298, 141, 259, 248, 281, 156, 165, 399, 81, 339, 345, 233, 330, 8, 239, 154, 115, 35, 315, 226, 11, 379, 125, 86, 181, 287, 395, 30, 385, 263, 55, 119, 122, 388, 316, 120, 255, 372, 24, 296, 121, 89, 21, 52, 211, 320, 134, 352, 207, 51, 252, 238, 321, 271, 335, 88, 65, 76, 60, 262, 304, 124, 136, 278, 92, 387, 199, 382, 375, 105, 157, 373, 46, 78, 274, 228, 84, 147, 44, 19, 20, 16, 289, 216, 243, 36, 215, 251, 365, 396, 204, 291, 57, 107, 151, 25, 41, 17, 249, 364, 368, 318, 74, 2, 325, 273, 144, 200, 113, 362, 343, 377, 143, 38, 42, 1, 376, 72, 257, 7, 219, 168, 240, 179, 68, 356, 254, 270, 346, 29, 112, 15, 135, 18, 77, 297, 366, 83, 319, 40, 241, 333, 70, 393, 234, 26, 293, 246, 236, 87, 265, 177, 322, 222, 398, 75, 334, 221, 99, 176, 305, 108, 155, 39, 361, 43, 47, 191, 85, 193, 332, 223, 328, 22, 307, 231, 150, 336, 187, 183, 342, 311, 138, 167, 369, 117, 301, 294, 324, 93, 344, 280, 367, 79, 66, 175, 331, 348, 63, 312, 100, 62, 95, 357, 310, 164, 354, 258, 185, 45, 161, 184, 360, 229, 132, 23, 64, 6, 232, 323, 213, 195, 253, 178, 159, 48, 94, 290, 5, 127, 173, 146, 347, 80, 214, 98, 384, 209, 180, 90, 230, 10, 190, 111, 326, 56, 9, 284, 102, 171, 160, 337, 123, 205, 37, 196, 174, 61, 299, 295, 198, 374, 131, 397, 392, 58, 197, 306, 380, 220, 308, 172, 110, 97, 162, 279, 381, 212, 91, 201, 302, 371, 194, 67, 353, 317, 158, 300, 389, 34, 359, 250, 349, 12, 272, 148, 0]",35288.04676219461,2.3052027225494385
tsp-problem-400-32000-100-25-1.txt,"[0, 262, 388, 98, 268, 168, 154, 366, 189, 40, 55, 186, 387, 351, 294, 199, 232, 301, 109, 194, 298, 311, 16, 139, 116, 125, 122, 275, 360, 28, 217, 370, 88, 343, 349, 172, 207, 244, 310, 2, 143, 19, 178, 191, 297, 65, 305, 10, 231, 286, 339, 8, 383, 74, 155, 398, 149, 252, 381, 115, 376, 3, 235, 97, 358, 14, 317, 46, 141, 246, 302, 308, 22, 34, 50, 142, 254, 144, 113, 159, 250, 132, 126, 150, 81, 37, 15, 114, 105, 177, 211, 213, 350, 163, 332, 245, 386, 48, 314, 128, 234, 239, 285, 121, 241, 218, 187, 156, 338, 303, 243, 260, 30, 54, 399, 59, 384, 276, 44, 87, 335, 71, 322, 353, 124, 147, 180, 61, 64, 95, 100, 182, 391, 324, 307, 200, 195, 190, 289, 77, 215, 63, 221, 362, 41, 283, 110, 25, 130, 205, 53, 185, 11, 165, 151, 140, 135, 359, 42, 271, 52, 248, 36, 119, 316, 118, 226, 270, 162, 315, 201, 101, 309, 117, 363, 396, 253, 169, 134, 17, 340, 326, 290, 331, 192, 277, 80, 203, 91, 104, 174, 284, 293, 6, 69, 336, 325, 397, 12, 38, 371, 136, 26, 333, 33, 238, 345, 304, 263, 96, 43, 273, 220, 352, 255, 288, 356, 111, 78, 225, 328, 341, 330, 13, 68, 206, 66, 258, 227, 369, 67, 379, 89, 21, 223, 27, 127, 266, 210, 196, 146, 334, 228, 282, 214, 181, 233, 138, 161, 137, 280, 204, 219, 389, 306, 279, 278, 86, 377, 175, 375, 395, 197, 73, 373, 24, 265, 364, 274, 208, 230, 393, 164, 321, 346, 90, 82, 112, 83, 357, 216, 23, 29, 361, 31, 108, 300, 368, 269, 367, 347, 56, 344, 342, 170, 378, 292, 32, 158, 157, 202, 355, 129, 261, 106, 120, 380, 131, 382, 272, 249, 372, 385, 62, 348, 222, 257, 264, 313, 145, 337, 75, 72, 209, 287, 57, 102, 18, 93, 148, 256, 58, 247, 312, 179, 281, 39, 176, 295, 327, 240, 259, 251, 236, 76, 166, 7, 296, 212, 167, 193, 198, 392, 354, 329, 45, 49, 133, 47, 291, 365, 35, 85, 79, 323, 224, 160, 229, 188, 299, 4, 51, 60, 84, 318, 92, 319, 320, 184, 171, 242, 394, 20, 99, 107, 70, 94, 267, 390, 103, 5, 152, 153, 173, 123, 237, 1, 9, 183, 374, 0]",15247.229919651449,3.7548632621765137
tsp-problem-400-32000-100-5-1.txt,"[0, 94, 91, 73, 178, 337, 121, 22, 21, 232, 74, 236, 315, 283, 392, 15, 244, 171, 219, 364, 4, 248, 132, 128, 105, 296, 133, 369, 254, 76, 47, 55, 8, 142, 314, 151, 295, 93, 108, 185, 271, 394, 190, 24, 61, 195, 168, 242, 276, 122, 343, 312, 301, 89, 259, 286, 233, 126, 253, 375, 251, 57, 342, 155, 80, 288, 109, 92, 279, 290, 395, 114, 398, 327, 376, 102, 228, 152, 357, 106, 46, 332, 72, 97, 200, 348, 159, 197, 256, 35, 147, 130, 174, 225, 186, 66, 351, 300, 191, 280, 198, 356, 62, 156, 263, 325, 157, 231, 176, 179, 68, 149, 104, 372, 352, 396, 249, 112, 260, 45, 261, 285, 367, 307, 13, 266, 221, 272, 354, 239, 181, 103, 37, 346, 362, 397, 203, 229, 310, 162, 192, 140, 153, 363, 320, 34, 371, 215, 299, 85, 40, 30, 382, 334, 189, 32, 366, 2, 385, 338, 166, 246, 206, 48, 116, 213, 158, 117, 14, 84, 202, 349, 99, 235, 160, 227, 207, 196, 384, 139, 291, 49, 56, 96, 113, 265, 297, 211, 119, 389, 183, 144, 247, 31, 282, 293, 255, 319, 341, 182, 101, 273, 3, 143, 214, 387, 1, 328, 353, 87, 16, 59, 223, 306, 71, 88, 258, 98, 294, 321, 145, 316, 165, 275, 250, 75, 19, 379, 12, 344, 141, 322, 243, 390, 336, 150, 42, 146, 81, 380, 378, 65, 187, 374, 270, 373, 217, 188, 83, 194, 241, 224, 305, 209, 20, 70, 331, 274, 23, 269, 318, 135, 234, 303, 51, 53, 77, 308, 86, 115, 304, 281, 360, 277, 252, 222, 377, 339, 134, 330, 173, 292, 345, 317, 164, 205, 41, 177, 125, 90, 204, 25, 199, 287, 386, 9, 27, 6, 111, 129, 148, 388, 278, 284, 193, 58, 391, 184, 216, 170, 355, 136, 240, 64, 60, 118, 154, 54, 210, 212, 226, 28, 36, 381, 169, 44, 218, 82, 100, 78, 238, 245, 298, 230, 383, 365, 138, 237, 79, 63, 67, 201, 220, 347, 323, 18, 17, 43, 393, 335, 39, 167, 340, 127, 257, 33, 267, 350, 5, 329, 123, 175, 172, 69, 11, 262, 124, 311, 38, 370, 268, 368, 361, 52, 131, 50, 95, 399, 359, 208, 326, 302, 7, 180, 137, 264, 29, 120, 110, 333, 309, 163, 358, 10, 324, 313, 26, 107, 289, 161, 0]",35149.584581081785,2.117731809616089
tsp-problem-400-64000-100-25-1.txt,"[0, 23, 193, 246, 89, 267, 240, 362, 167, 170, 181, 153, 182, 183, 226, 149, 297, 284, 287, 369, 75, 19, 87, 209, 80, 381, 34, 337, 154, 314, 283, 257, 364, 36, 249, 205, 198, 187, 125, 388, 239, 259, 291, 391, 51, 16, 132, 358, 50, 301, 318, 247, 219, 363, 53, 215, 350, 114, 251, 254, 104, 356, 352, 135, 207, 374, 118, 263, 229, 338, 18, 376, 281, 161, 274, 300, 224, 371, 235, 208, 375, 185, 253, 382, 191, 128, 355, 11, 351, 201, 319, 20, 233, 231, 110, 56, 189, 101, 152, 270, 304, 179, 390, 85, 232, 311, 26, 95, 93, 213, 33, 380, 324, 1, 27, 385, 45, 174, 339, 370, 148, 91, 49, 353, 340, 100, 144, 280, 220, 66, 76, 196, 383, 366, 322, 72, 309, 124, 137, 112, 59, 307, 41, 12, 119, 334, 230, 286, 146, 8, 327, 197, 129, 115, 180, 162, 108, 109, 29, 159, 14, 237, 234, 67, 379, 393, 6, 395, 55, 31, 344, 178, 164, 48, 294, 168, 333, 221, 35, 15, 266, 377, 365, 252, 275, 172, 354, 277, 392, 165, 316, 173, 126, 306, 42, 133, 54, 28, 130, 88, 305, 143, 347, 250, 389, 116, 175, 86, 140, 243, 378, 21, 244, 367, 184, 58, 341, 308, 345, 78, 107, 359, 190, 320, 273, 2, 342, 312, 241, 131, 77, 57, 138, 298, 373, 32, 288, 22, 145, 332, 113, 346, 368, 262, 299, 83, 4, 203, 186, 105, 268, 258, 136, 238, 361, 134, 398, 265, 256, 65, 139, 386, 214, 394, 52, 357, 62, 242, 38, 60, 117, 17, 10, 204, 25, 3, 349, 315, 44, 99, 343, 70, 303, 202, 325, 177, 24, 302, 227, 81, 321, 13, 206, 228, 261, 335, 295, 158, 348, 387, 211, 74, 236, 92, 73, 331, 169, 248, 192, 160, 328, 166, 120, 195, 98, 264, 9, 330, 285, 272, 84, 64, 260, 150, 96, 317, 329, 147, 336, 313, 372, 188, 290, 37, 43, 46, 97, 222, 123, 94, 282, 360, 155, 40, 245, 142, 102, 5, 121, 212, 69, 63, 79, 111, 171, 200, 397, 47, 163, 276, 326, 384, 7, 218, 39, 30, 296, 210, 199, 156, 106, 68, 289, 225, 122, 217, 278, 293, 396, 61, 127, 269, 71, 399, 255, 103, 141, 292, 176, 194, 310, 323, 271, 279, 82, 157, 90, 216, 223, 151, 0]",14827.614453156813,4.643507957458496
tsp-problem-400-64000-100-5-1.txt,"[0, 231, 333, 114, 249, 297, 351, 47, 4, 30, 310, 145, 82, 290, 347, 32, 239, 381, 96, 319, 215, 119, 121, 138, 108, 222, 269, 302, 217, 160, 46, 155, 341, 35, 321, 275, 166, 61, 278, 149, 274, 366, 326, 93, 87, 285, 144, 384, 72, 318, 95, 125, 84, 134, 37, 1, 250, 346, 198, 289, 165, 316, 340, 243, 45, 233, 131, 323, 153, 14, 344, 287, 291, 212, 315, 193, 264, 237, 219, 335, 192, 13, 6, 286, 200, 151, 101, 392, 334, 156, 63, 325, 22, 188, 85, 241, 324, 360, 265, 150, 187, 209, 260, 363, 190, 203, 206, 295, 5, 394, 235, 36, 228, 224, 234, 68, 376, 255, 270, 102, 257, 311, 214, 296, 202, 57, 92, 371, 81, 65, 136, 124, 355, 173, 139, 117, 267, 380, 51, 309, 162, 19, 230, 146, 59, 253, 306, 300, 245, 140, 218, 207, 148, 178, 28, 39, 388, 282, 94, 391, 56, 283, 276, 354, 154, 389, 379, 20, 11, 53, 176, 216, 133, 352, 31, 251, 80, 339, 258, 331, 107, 9, 246, 256, 236, 115, 49, 338, 225, 23, 242, 208, 58, 272, 262, 393, 244, 142, 303, 197, 277, 195, 223, 128, 387, 167, 397, 67, 152, 38, 50, 385, 358, 307, 343, 292, 130, 221, 365, 372, 232, 77, 314, 34, 26, 64, 113, 83, 12, 104, 97, 116, 329, 177, 60, 110, 254, 398, 70, 328, 353, 364, 3, 42, 368, 25, 248, 75, 213, 170, 76, 89, 2, 88, 126, 109, 399, 106, 185, 378, 313, 105, 204, 266, 229, 227, 24, 322, 377, 33, 62, 280, 194, 281, 17, 43, 157, 390, 8, 132, 367, 271, 86, 171, 184, 268, 143, 175, 182, 332, 196, 201, 111, 273, 161, 327, 10, 120, 320, 71, 73, 240, 55, 174, 172, 183, 169, 66, 21, 238, 288, 395, 359, 7, 118, 15, 211, 90, 98, 163, 41, 141, 373, 99, 375, 189, 18, 361, 336, 374, 247, 123, 312, 16, 317, 305, 342, 396, 27, 129, 44, 91, 159, 382, 52, 383, 181, 308, 100, 301, 137, 386, 337, 252, 261, 191, 40, 259, 54, 356, 348, 199, 349, 362, 29, 370, 122, 168, 299, 350, 205, 220, 330, 69, 279, 48, 79, 164, 293, 78, 226, 74, 284, 103, 112, 179, 186, 369, 294, 127, 210, 263, 357, 180, 158, 345, 298, 135, 304, 147, 0]",35011.6700883767,3.460362434387207
tsp-problem-400-8000-100-25-1.txt,"[0, 278, 315, 262, 151, 304, 91, 226, 222, 274, 39, 334, 159, 249, 162, 19, 387, 266, 271, 397, 94, 160, 371, 7, 378, 337, 116, 172, 119, 149, 138, 210, 355, 390, 153, 24, 198, 44, 288, 68, 71, 150, 251, 363, 357, 192, 374, 300, 74, 152, 111, 215, 257, 193, 18, 227, 299, 56, 376, 51, 202, 248, 320, 187, 155, 241, 383, 70, 85, 23, 398, 276, 204, 136, 103, 82, 184, 137, 140, 157, 328, 362, 358, 189, 206, 359, 219, 127, 197, 217, 332, 208, 75, 166, 100, 31, 181, 272, 161, 356, 234, 133, 130, 92, 381, 346, 121, 69, 224, 173, 164, 29, 318, 392, 255, 365, 180, 144, 267, 177, 167, 33, 169, 311, 120, 67, 303, 372, 129, 292, 232, 220, 132, 62, 26, 13, 125, 186, 176, 221, 286, 188, 201, 211, 45, 108, 396, 399, 38, 239, 214, 90, 340, 50, 377, 282, 179, 128, 252, 141, 277, 345, 6, 335, 142, 369, 394, 41, 313, 295, 379, 316, 367, 366, 102, 344, 104, 218, 63, 265, 302, 170, 96, 317, 293, 327, 223, 77, 113, 307, 296, 391, 174, 373, 360, 269, 341, 253, 240, 114, 154, 260, 310, 195, 165, 61, 112, 53, 298, 27, 11, 370, 229, 89, 48, 384, 163, 79, 4, 309, 54, 339, 84, 349, 73, 273, 65, 203, 196, 324, 55, 294, 182, 107, 146, 15, 118, 280, 347, 145, 60, 49, 287, 35, 289, 43, 245, 25, 308, 117, 191, 86, 343, 88, 101, 20, 375, 352, 235, 351, 254, 305, 225, 147, 329, 9, 297, 123, 194, 264, 330, 2, 98, 321, 190, 122, 87, 243, 212, 213, 259, 46, 285, 10, 270, 246, 168, 385, 279, 78, 207, 281, 322, 16, 32, 319, 364, 314, 8, 247, 268, 250, 200, 171, 5, 156, 380, 110, 291, 261, 336, 258, 231, 76, 135, 361, 333, 338, 72, 106, 393, 134, 158, 233, 57, 124, 28, 185, 216, 386, 199, 58, 148, 326, 143, 42, 93, 325, 115, 80, 64, 59, 354, 348, 331, 36, 81, 323, 95, 83, 353, 183, 131, 40, 34, 52, 238, 389, 284, 47, 395, 306, 178, 312, 99, 382, 256, 263, 388, 1, 230, 109, 301, 66, 30, 126, 228, 139, 105, 242, 37, 21, 22, 244, 342, 290, 237, 205, 14, 12, 209, 275, 175, 3, 236, 17, 97, 350, 283, 368, 0]",14989.992554060382,4.654731750488281
tsp-problem-400-8000-100-5-1.txt,"[0, 104, 375, 188, 337, 130, 101, 129, 3, 111, 158, 244, 58, 8, 89, 314, 356, 54, 117, 151, 136, 39, 99, 33, 336, 260, 1, 366, 74, 52, 116, 234, 228, 27, 229, 45, 364, 107, 144, 389, 131, 105, 84, 215, 331, 289, 49, 50, 157, 265, 343, 290, 209, 372, 315, 254, 202, 345, 368, 34, 301, 6, 48, 64, 21, 270, 125, 88, 226, 12, 201, 357, 46, 19, 72, 11, 145, 178, 385, 250, 328, 146, 25, 186, 199, 181, 387, 352, 235, 332, 276, 118, 53, 304, 191, 174, 36, 17, 324, 154, 334, 377, 183, 240, 190, 182, 396, 329, 230, 139, 22, 69, 262, 7, 4, 342, 363, 37, 312, 180, 268, 92, 124, 159, 241, 274, 120, 232, 172, 113, 132, 239, 216, 79, 272, 198, 297, 367, 384, 219, 370, 184, 361, 126, 309, 307, 97, 302, 220, 90, 217, 13, 173, 311, 319, 143, 115, 390, 189, 395, 306, 294, 68, 142, 292, 273, 160, 103, 5, 119, 26, 271, 253, 383, 41, 14, 164, 167, 339, 225, 317, 222, 293, 258, 391, 231, 218, 381, 249, 353, 177, 323, 266, 382, 369, 344, 28, 147, 77, 9, 112, 397, 243, 62, 280, 127, 133, 349, 264, 393, 298, 162, 78, 223, 102, 195, 325, 81, 73, 60, 31, 246, 16, 263, 257, 194, 91, 106, 238, 380, 207, 59, 80, 161, 38, 259, 326, 56, 70, 252, 205, 398, 300, 192, 247, 394, 148, 305, 388, 275, 51, 155, 346, 169, 318, 137, 135, 109, 82, 212, 123, 196, 210, 206, 255, 200, 153, 87, 277, 348, 152, 399, 359, 203, 10, 94, 44, 204, 43, 71, 35, 98, 15, 100, 310, 170, 128, 67, 24, 221, 211, 149, 386, 66, 316, 308, 245, 110, 320, 338, 242, 330, 114, 362, 150, 108, 121, 287, 47, 18, 141, 321, 251, 303, 57, 354, 283, 347, 171, 295, 55, 29, 335, 138, 351, 140, 340, 333, 75, 350, 86, 285, 93, 360, 341, 327, 193, 291, 187, 42, 236, 176, 166, 208, 134, 2, 163, 95, 165, 197, 278, 227, 379, 267, 371, 322, 284, 355, 23, 256, 156, 248, 261, 185, 76, 299, 374, 286, 40, 85, 168, 61, 365, 214, 279, 122, 288, 269, 378, 83, 96, 65, 213, 179, 373, 233, 296, 20, 392, 63, 224, 30, 175, 376, 313, 358, 281, 282, 32, 237, 0]",35036.64427683582,2.1380271911621094
tsp-problem-50-1000-100-25-1.txt,"[0, 41, 24, 28, 36, 27, 18, 11, 42, 38, 21, 46, 43, 44, 25, 16, 12, 13, 39, 22, 33, 20, 35, 5, 10, 2, 7, 40, 4, 14, 30, 9, 1, 37, 26, 17, 15, 47, 45, 23, 31, 6, 49, 19, 32, 48, 29, 8, 3, 34, 0]",2653.31146707982,0.04729461669921875
tsp-problem-50-1000-100-5-1.txt,"[0, 2, 1, 31, 21, 11, 23, 48, 49, 45, 40, 17, 6, 4, 22, 47, 27, 20, 24, 43, 26, 3, 37, 25, 18, 13, 7, 42, 46, 16, 32, 19, 10, 38, 5, 12, 39, 36, 44, 29, 9, 8, 35, 41, 28, 33, 34, 15, 14, 30, 0]",4585.768944085845,0.015902996063232422
tsp-problem-50-125-100-25-1.txt,"[0, 33, 27, 22, 18, 40, 14, 36, 1, 26, 30, 5, 9, 49, 15, 4, 11, 38, 45, 12, 44, 28, 39, 46, 35, 31, 7, 6, 20, 42, 16, 8, 29, 21, 3, 37, 13, 10, 47, 43, 17, 23, 32, 2, 19, 48, 41, 34, 24, 25, 0]",3234.3666734176654,0.05872488021850586
tsp-problem-50-125-100-5-1.txt,"[0, 16, 23, 6, 45, 14, 2, 1, 22, 9, 28, 37, 40, 24, 5, 8, 15, 20, 29, 21, 18, 38, 32, 7, 34, 26, 17, 13, 12, 36, 19, 39, 4, 35, 3, 48, 42, 41, 49, 25, 31, 11, 10, 30, 44, 47, 33, 46, 43, 27, 0]",4540.782858326517,0.013345718383789062
tsp-problem-50-25-100-25-1.txt,"[0, 42, 3, 17, 36, 34, 5, 19, 30, 2, 31, 26, 11, 27, 25, 47, 37, 43, 16, 9, 40, 49, 21, 15, 20, 14, 45, 39, 7, 13, 28, 8, 38, 23, 41, 12, 18, 10, 35, 22, 1, 46, 33, 29, 4, 32, 48, 24, 44, 6, 0]",2310.3144735182177,0.04037952423095703
tsp-problem-50-25-100-5-1.txt,"[0, 41, 33, 31, 11, 6, 7, 48, 49, 15, 1, 13, 38, 45, 27, 47, 22, 34, 30, 20, 10, 3, 8, 25, 12, 14, 17, 18, 32, 40, 29, 19, 9, 28, 37, 23, 39, 4, 16, 5, 2, 46, 44, 42, 35, 21, 43, 26, 24, 36, 0]",4669.982772186711,0.030111312866210938
tsp-problem-50-250-100-25-1.txt,"[0, 38, 32, 39, 36, 22, 48, 17, 5, 11, 16, 42, 7, 2, 19, 1, 43, 9, 47, 15, 31, 41, 20, 44, 29, 21, 40, 12, 33, 13, 24, 8, 23, 18, 45, 26, 14, 35, 25, 28, 46, 34, 10, 6, 49, 4, 30, 3, 27, 37, 0]",2737.3559700255328,0.04178929328918457
tsp-problem-50-250-100-5-1.txt,"[0, 10, 23, 35, 45, 3, 8, 20, 2, 40, 19, 7, 1, 34, 33, 15, 18, 25, 47, 24, 30, 39, 43, 21, 38, 5, 27, 12, 6, 17, 49, 9, 46, 22, 11, 37, 29, 36, 32, 14, 41, 48, 13, 44, 42, 16, 4, 26, 28, 31, 0]",4591.070578548521,0.023781776428222656
tsp-problem-50-500-100-25-1.txt,"[0, 8, 16, 6, 25, 11, 10, 28, 2, 29, 18, 38, 42, 36, 34, 46, 4, 27, 12, 13, 22, 37, 14, 32, 20, 21, 49, 40, 17, 33, 39, 23, 43, 15, 5, 48, 26, 35, 47, 24, 3, 1, 19, 31, 7, 44, 30, 45, 41, 9, 0]",2988.494661319458,0.03968691825866699
tsp-problem-50-500-100-5-1.txt,"[0, 14, 22, 20, 44, 19, 38, 31, 34, 10, 43, 4, 28, 25, 48, 26, 11, 36, 41, 17, 27, 2, 35, 29, 15, 40, 37, 30, 6, 16, 47, 12, 49, 9, 32, 8, 45, 33, 42, 7, 5, 21, 23, 3, 13, 1, 46, 24, 39, 18, 0]",4596.434102131153,0.02908945083618164
tsp-problem-600-144000-100-25-1.txt,"[0, 7, 483, 571, 593, 357, 312, 507, 434, 268, 187, 160, 440, 262, 170, 200, 581, 552, 303, 103, 453, 384, 413, 235, 260, 43, 293, 484, 364, 309, 596, 286, 63, 117, 408, 392, 457, 108, 61, 238, 383, 234, 324, 527, 276, 400, 435, 221, 590, 489, 224, 24, 62, 242, 395, 335, 228, 436, 144, 54, 518, 544, 451, 101, 299, 493, 135, 216, 446, 104, 230, 443, 74, 79, 373, 537, 526, 34, 100, 76, 323, 566, 355, 145, 291, 156, 244, 569, 47, 437, 578, 416, 27, 599, 37, 122, 127, 336, 213, 140, 473, 432, 382, 579, 193, 516, 17, 12, 95, 344, 138, 250, 33, 23, 296, 264, 71, 308, 388, 412, 73, 422, 102, 560, 421, 548, 504, 278, 32, 360, 594, 391, 520, 528, 543, 182, 428, 1, 166, 328, 515, 472, 123, 277, 190, 535, 541, 361, 467, 174, 206, 49, 366, 19, 189, 91, 306, 557, 115, 36, 111, 401, 217, 481, 567, 38, 85, 157, 136, 88, 87, 595, 519, 574, 56, 294, 162, 367, 258, 118, 502, 551, 554, 409, 107, 298, 320, 112, 597, 530, 394, 197, 254, 265, 90, 283, 26, 380, 177, 449, 237, 259, 161, 419, 545, 396, 575, 495, 186, 97, 39, 89, 332, 500, 407, 28, 263, 226, 343, 442, 110, 225, 514, 399, 51, 488, 82, 496, 99, 92, 201, 18, 479, 402, 362, 508, 229, 178, 539, 486, 521, 288, 456, 365, 475, 150, 532, 501, 269, 370, 292, 25, 513, 252, 577, 337, 78, 274, 587, 232, 154, 321, 31, 359, 573, 84, 245, 459, 426, 44, 301, 410, 67, 195, 3, 339, 553, 120, 485, 255, 152, 415, 327, 22, 469, 385, 251, 295, 480, 564, 462, 45, 185, 322, 310, 98, 256, 212, 477, 243, 75, 35, 280, 358, 241, 281, 53, 398, 470, 503, 149, 5, 546, 353, 307, 159, 55, 16, 151, 205, 550, 536, 175, 279, 106, 533, 58, 249, 80, 173, 454, 148, 468, 505, 40, 41, 333, 20, 42, 387, 356, 315, 14, 450, 231, 439, 585, 529, 420, 133, 430, 300, 378, 562, 334, 105, 125, 325, 204, 340, 134, 390, 598, 109, 329, 116, 59, 287, 273, 565, 211, 142, 540, 474, 218, 240, 583, 164, 172, 549, 72, 377, 270, 304, 10, 589, 433, 348, 267, 393, 522, 305, 52, 4, 494, 319, 463, 131, 167, 153, 176, 523, 316, 179, 555, 417, 223, 455, 482, 48, 191, 371, 509, 141, 405, 220, 331, 210, 379, 511, 114, 257, 248, 326, 351, 202, 290, 11, 233, 506, 239, 525, 302, 68, 580, 591, 363, 352, 198, 8, 559, 354, 556, 137, 375, 458, 464, 121, 21, 498, 194, 346, 517, 155, 411, 139, 132, 297, 96, 64, 192, 572, 13, 129, 77, 188, 471, 70, 512, 368, 29, 147, 46, 57, 165, 124, 414, 196, 397, 158, 146, 584, 558, 6, 284, 444, 126, 289, 171, 199, 350, 542, 81, 215, 374, 169, 236, 447, 209, 313, 208, 406, 93, 561, 563, 461, 282, 497, 438, 531, 318, 547, 266, 592, 272, 184, 203, 427, 445, 30, 349, 372, 347, 86, 219, 425, 69, 423, 143, 311, 341, 83, 183, 15, 492, 60, 275, 510, 285, 214, 524, 207, 491, 50, 66, 342, 130, 271, 431, 246, 448, 424, 582, 2, 403, 119, 168, 128, 180, 261, 253, 317, 466, 314, 588, 429, 487, 534, 586, 113, 538, 418, 369, 163, 460, 345, 222, 9, 94, 576, 338, 465, 65, 478, 568, 389, 386, 570, 381, 227, 404, 330, 490, 499, 452, 376, 181, 476, 441, 247, 0]",20945.60789235097,10.171882390975952
tsp-problem-600-144000-100-5-1.txt,"[0, 97, 182, 203, 532, 483, 280, 18, 555, 76, 252, 354, 383, 116, 71, 560, 29, 38, 138, 152, 10, 518, 254, 578, 531, 543, 33, 545, 127, 160, 429, 591, 407, 170, 283, 178, 195, 22, 200, 356, 3, 321, 449, 193, 244, 63, 394, 81, 440, 534, 223, 422, 282, 275, 344, 403, 209, 73, 428, 446, 302, 6, 411, 107, 231, 306, 494, 522, 167, 337, 184, 511, 69, 12, 416, 25, 246, 396, 527, 180, 285, 187, 83, 140, 30, 147, 323, 82, 426, 119, 349, 529, 462, 13, 542, 468, 235, 475, 143, 594, 36, 192, 448, 486, 16, 359, 535, 154, 528, 26, 365, 263, 305, 548, 136, 228, 558, 491, 499, 293, 469, 409, 569, 477, 318, 61, 308, 156, 412, 276, 255, 172, 474, 439, 144, 288, 464, 348, 450, 264, 11, 62, 444, 64, 289, 88, 89, 24, 393, 149, 267, 257, 502, 336, 590, 596, 165, 582, 34, 553, 177, 374, 587, 279, 335, 404, 45, 272, 496, 392, 507, 17, 121, 28, 7, 317, 387, 369, 406, 465, 350, 533, 75, 455, 538, 581, 35, 566, 367, 563, 586, 183, 56, 391, 574, 19, 236, 151, 498, 413, 262, 185, 301, 421, 104, 55, 8, 414, 388, 514, 546, 339, 175, 207, 316, 142, 497, 204, 588, 91, 298, 201, 488, 181, 397, 432, 334, 39, 472, 270, 492, 191, 451, 489, 271, 137, 366, 580, 292, 234, 355, 58, 470, 238, 219, 540, 405, 331, 78, 269, 258, 311, 117, 27, 329, 253, 77, 21, 9, 519, 482, 122, 266, 352, 79, 86, 72, 345, 420, 490, 515, 362, 312, 485, 438, 103, 524, 105, 215, 60, 67, 197, 15, 526, 447, 111, 505, 390, 380, 102, 84, 110, 443, 430, 118, 51, 256, 442, 210, 100, 313, 294, 595, 268, 530, 547, 377, 562, 286, 57, 240, 148, 565, 571, 297, 537, 42, 506, 158, 314, 112, 43, 445, 476, 20, 408, 351, 174, 194, 66, 304, 96, 503, 41, 222, 166, 48, 493, 576, 410, 281, 47, 441, 564, 536, 260, 431, 208, 241, 95, 92, 340, 134, 389, 173, 434, 381, 179, 315, 593, 250, 310, 1, 458, 517, 146, 427, 248, 460, 343, 585, 597, 573, 106, 510, 98, 159, 379, 44, 504, 261, 101, 128, 150, 463, 551, 155, 327, 479, 516, 129, 373, 509, 521, 287, 213, 386, 278, 423, 161, 584, 188, 123, 65, 328, 135, 481, 372, 205, 556, 239, 124, 125, 368, 176, 163, 320, 14, 32, 211, 375, 299, 132, 50, 168, 330, 575, 141, 99, 456, 196, 333, 480, 49, 453, 109, 466, 401, 370, 358, 70, 487, 589, 341, 113, 424, 31, 5, 332, 353, 206, 251, 371, 471, 338, 157, 108, 347, 385, 190, 171, 249, 577, 274, 382, 216, 326, 93, 419, 53, 37, 568, 357, 90, 273, 484, 59, 402, 40, 296, 384, 169, 189, 307, 599, 199, 230, 303, 218, 554, 164, 508, 232, 360, 233, 202, 461, 324, 114, 572, 87, 459, 523, 433, 290, 544, 259, 561, 583, 363, 425, 495, 550, 217, 212, 525, 322, 478, 399, 473, 126, 130, 400, 598, 220, 467, 291, 539, 68, 247, 378, 552, 512, 300, 501, 346, 541, 46, 4, 417, 549, 94, 23, 52, 513, 342, 85, 277, 242, 54, 115, 559, 284, 74, 325, 245, 214, 229, 237, 225, 243, 265, 186, 221, 454, 520, 319, 309, 500, 592, 226, 120, 398, 295, 153, 452, 435, 361, 437, 557, 415, 436, 133, 376, 2, 579, 131, 227, 570, 418, 364, 162, 198, 145, 80, 139, 457, 395, 224, 567, 0]",52524.15029850927,5.170283794403076
tsp-problem-600-18000-100-25-1.txt,"[0, 579, 565, 337, 499, 577, 592, 279, 167, 316, 387, 54, 413, 452, 88, 106, 262, 436, 143, 223, 237, 520, 542, 92, 181, 553, 350, 177, 276, 330, 158, 458, 149, 6, 273, 136, 170, 462, 51, 238, 87, 111, 360, 159, 379, 389, 25, 385, 314, 376, 358, 447, 109, 119, 388, 120, 572, 504, 56, 370, 166, 113, 361, 523, 28, 22, 453, 76, 548, 334, 547, 43, 302, 417, 203, 373, 214, 217, 53, 478, 496, 102, 516, 571, 280, 354, 128, 27, 336, 317, 131, 328, 366, 110, 580, 549, 390, 146, 470, 597, 327, 201, 434, 339, 209, 12, 266, 180, 505, 405, 518, 175, 52, 326, 332, 122, 459, 125, 554, 75, 591, 426, 13, 286, 192, 400, 469, 105, 3, 234, 291, 48, 487, 402, 529, 142, 590, 198, 347, 406, 107, 357, 404, 392, 249, 179, 296, 121, 474, 172, 154, 559, 383, 157, 570, 139, 593, 399, 281, 543, 464, 240, 261, 439, 190, 531, 226, 213, 372, 47, 435, 407, 222, 229, 268, 225, 544, 16, 398, 97, 401, 182, 346, 460, 295, 189, 588, 183, 341, 278, 528, 283, 430, 171, 582, 86, 416, 232, 236, 562, 63, 300, 152, 37, 386, 321, 495, 84, 443, 24, 410, 378, 104, 315, 486, 581, 11, 599, 550, 112, 108, 323, 312, 140, 450, 195, 369, 130, 129, 441, 70, 85, 245, 77, 393, 138, 95, 500, 251, 89, 380, 539, 324, 560, 310, 563, 243, 206, 465, 35, 566, 308, 257, 44, 498, 79, 80, 576, 375, 42, 446, 502, 483, 540, 575, 164, 445, 241, 455, 569, 363, 564, 233, 184, 299, 178, 267, 155, 26, 211, 578, 263, 573, 8, 524, 39, 156, 220, 408, 62, 403, 161, 98, 162, 200, 250, 293, 353, 490, 66, 510, 451, 282, 421, 244, 484, 33, 492, 2, 247, 311, 297, 419, 557, 526, 74, 303, 64, 519, 17, 116, 259, 246, 307, 362, 221, 207, 256, 342, 34, 335, 254, 49, 552, 412, 10, 556, 425, 338, 530, 561, 422, 168, 349, 418, 331, 18, 82, 60, 473, 482, 81, 351, 428, 126, 174, 114, 431, 40, 169, 73, 187, 489, 340, 289, 491, 457, 301, 420, 4, 476, 395, 210, 204, 589, 534, 514, 532, 583, 99, 454, 494, 343, 475, 151, 313, 348, 555, 367, 364, 29, 344, 433, 467, 216, 521, 71, 294, 260, 65, 587, 269, 541, 466, 153, 41, 215, 118, 101, 345, 365, 333, 497, 270, 55, 218, 511, 15, 507, 461, 567, 533, 103, 568, 275, 185, 384, 444, 409, 191, 381, 472, 253, 227, 512, 202, 127, 137, 437, 438, 288, 513, 30, 440, 298, 481, 318, 368, 196, 197, 377, 319, 235, 255, 50, 134, 90, 448, 442, 429, 258, 305, 91, 68, 463, 19, 509, 194, 133, 46, 488, 100, 176, 21, 320, 188, 479, 537, 374, 1, 522, 515, 506, 248, 545, 415, 477, 546, 205, 527, 186, 145, 304, 396, 382, 173, 252, 356, 57, 501, 83, 574, 423, 272, 224, 598, 485, 7, 468, 94, 585, 231, 14, 525, 23, 355, 274, 277, 45, 371, 456, 551, 480, 147, 199, 309, 411, 493, 290, 239, 596, 414, 5, 208, 69, 67, 503, 285, 264, 322, 219, 230, 586, 397, 212, 228, 163, 359, 36, 306, 352, 144, 32, 31, 538, 165, 427, 265, 38, 135, 284, 287, 9, 141, 20, 584, 424, 595, 115, 432, 72, 61, 449, 471, 93, 242, 59, 536, 271, 391, 117, 150, 508, 123, 124, 132, 329, 148, 535, 78, 594, 193, 558, 292, 394, 58, 96, 517, 325, 160, 0]",19962.643348738504,11.09557318687439
tsp-problem-600-18000-100-5-1.txt,"[0, 62, 198, 43, 406, 579, 325, 461, 423, 121, 291, 369, 53, 269, 452, 215, 591, 307, 103, 479, 501, 367, 415, 25, 24, 573, 161, 537, 546, 440, 328, 200, 140, 212, 109, 76, 416, 555, 153, 188, 67, 375, 98, 10, 313, 11, 499, 263, 408, 569, 454, 525, 54, 530, 483, 564, 424, 368, 314, 531, 31, 505, 557, 319, 94, 46, 380, 20, 148, 487, 386, 156, 517, 47, 562, 420, 379, 522, 130, 159, 61, 438, 254, 144, 248, 315, 308, 133, 333, 160, 426, 399, 16, 280, 175, 191, 347, 228, 56, 236, 118, 259, 134, 434, 430, 216, 561, 247, 304, 135, 154, 13, 37, 8, 587, 459, 348, 292, 588, 132, 106, 147, 73, 131, 260, 267, 414, 524, 447, 502, 272, 437, 469, 462, 565, 409, 496, 197, 574, 243, 223, 93, 582, 230, 297, 122, 583, 568, 96, 450, 44, 57, 486, 456, 471, 585, 489, 242, 353, 566, 362, 227, 398, 167, 302, 539, 446, 262, 221, 295, 571, 18, 387, 465, 101, 72, 179, 173, 407, 108, 370, 84, 321, 104, 181, 428, 520, 503, 361, 286, 331, 576, 169, 116, 403, 589, 22, 338, 536, 207, 397, 498, 91, 581, 186, 518, 250, 99, 244, 184, 194, 217, 599, 281, 208, 551, 529, 2, 396, 266, 334, 294, 224, 493, 342, 143, 199, 350, 372, 14, 481, 474, 484, 41, 80, 443, 182, 533, 246, 476, 86, 455, 176, 206, 345, 422, 222, 547, 391, 185, 189, 336, 9, 335, 418, 19, 324, 363, 71, 538, 385, 251, 371, 283, 119, 393, 293, 444, 515, 441, 219, 463, 419, 349, 516, 123, 410, 526, 480, 477, 202, 157, 21, 413, 523, 78, 560, 357, 439, 394, 211, 17, 491, 341, 273, 382, 392, 166, 364, 401, 65, 457, 209, 377, 285, 45, 388, 289, 495, 549, 239, 174, 205, 303, 323, 449, 509, 268, 554, 34, 190, 240, 88, 233, 195, 39, 150, 504, 255, 214, 592, 50, 177, 252, 278, 112, 390, 33, 6, 220, 578, 48, 87, 265, 141, 431, 136, 238, 275, 218, 165, 597, 180, 506, 389, 114, 464, 411, 287, 472, 340, 540, 51, 183, 513, 60, 38, 359, 28, 77, 556, 40, 90, 102, 142, 5, 402, 70, 497, 241, 152, 433, 203, 193, 117, 316, 59, 120, 405, 127, 64, 3, 544, 155, 598, 395, 225, 1, 344, 279, 63, 158, 572, 470, 586, 196, 559, 235, 125, 274, 201, 26, 35, 326, 548, 311, 322, 146, 412, 552, 534, 213, 442, 510, 567, 374, 543, 306, 284, 542, 435, 508, 100, 92, 351, 453, 346, 276, 277, 171, 320, 75, 249, 151, 258, 55, 337, 550, 81, 475, 512, 85, 332, 541, 105, 451, 381, 317, 575, 290, 485, 330, 532, 138, 83, 563, 137, 270, 519, 514, 229, 97, 301, 256, 170, 245, 145, 318, 52, 355, 168, 226, 234, 467, 553, 310, 468, 488, 288, 376, 425, 164, 445, 79, 448, 490, 82, 466, 163, 545, 271, 49, 232, 187, 580, 404, 210, 111, 69, 299, 58, 352, 339, 30, 356, 478, 29, 298, 68, 27, 149, 500, 460, 139, 309, 264, 360, 492, 384, 366, 89, 527, 358, 178, 12, 432, 429, 110, 128, 535, 7, 482, 329, 300, 113, 192, 558, 343, 417, 74, 257, 365, 593, 570, 237, 23, 528, 596, 95, 590, 383, 312, 126, 373, 261, 521, 15, 36, 494, 231, 427, 577, 4, 129, 172, 511, 32, 282, 296, 204, 107, 595, 421, 115, 66, 124, 594, 327, 42, 354, 507, 253, 584, 305, 436, 458, 473, 378, 162, 400, 0]",52446.75010745612,5.304889917373657
tsp-problem-600-3600-100-25-1.txt,"[0, 76, 425, 18, 261, 337, 472, 341, 281, 12, 227, 338, 205, 219, 390, 54, 118, 366, 461, 158, 429, 499, 142, 441, 15, 146, 408, 443, 328, 596, 308, 578, 409, 45, 149, 471, 502, 232, 121, 225, 34, 594, 184, 519, 373, 417, 216, 157, 8, 108, 377, 193, 89, 163, 529, 591, 113, 147, 383, 59, 202, 20, 369, 284, 318, 507, 466, 582, 204, 125, 364, 257, 402, 292, 61, 253, 102, 172, 127, 422, 51, 574, 279, 389, 382, 167, 230, 303, 368, 321, 473, 404, 399, 283, 570, 117, 559, 272, 517, 465, 327, 545, 301, 155, 500, 556, 282, 183, 57, 440, 173, 576, 474, 307, 478, 553, 66, 504, 573, 336, 530, 463, 589, 312, 238, 523, 74, 94, 10, 135, 116, 254, 428, 458, 342, 400, 262, 421, 229, 110, 95, 354, 333, 31, 363, 218, 430, 435, 141, 213, 476, 150, 88, 488, 273, 156, 442, 140, 522, 586, 357, 396, 378, 191, 299, 306, 109, 416, 241, 198, 394, 97, 41, 326, 536, 533, 351, 485, 231, 185, 287, 302, 538, 315, 106, 371, 243, 159, 165, 335, 137, 14, 40, 503, 98, 392, 544, 590, 579, 271, 446, 176, 33, 407, 58, 349, 174, 298, 323, 424, 145, 311, 132, 332, 203, 144, 87, 324, 69, 170, 350, 164, 376, 81, 188, 552, 247, 495, 136, 207, 175, 37, 105, 405, 352, 25, 415, 493, 71, 370, 249, 555, 372, 431, 480, 387, 386, 43, 468, 456, 398, 459, 134, 39, 90, 305, 540, 233, 208, 316, 339, 403, 166, 297, 560, 304, 367, 320, 482, 48, 17, 599, 469, 264, 484, 52, 294, 454, 527, 128, 186, 581, 406, 330, 528, 491, 178, 355, 263, 448, 38, 11, 120, 276, 1, 595, 180, 571, 346, 597, 19, 411, 153, 82, 221, 481, 296, 380, 291, 258, 432, 228, 64, 427, 148, 168, 401, 270, 470, 438, 240, 289, 211, 510, 226, 21, 259, 449, 206, 3, 453, 29, 565, 460, 112, 564, 506, 436, 195, 236, 248, 286, 268, 111, 359, 84, 78, 123, 209, 138, 309, 126, 200, 269, 50, 79, 598, 63, 550, 100, 548, 162, 181, 457, 278, 551, 245, 583, 293, 423, 313, 537, 265, 391, 526, 161, 353, 65, 505, 179, 317, 237, 23, 331, 557, 267, 189, 256, 549, 532, 235, 70, 475, 115, 212, 418, 80, 129, 319, 433, 72, 452, 214, 285, 381, 217, 477, 437, 246, 445, 119, 86, 27, 496, 83, 375, 152, 133, 13, 46, 479, 290, 361, 592, 220, 42, 434, 131, 494, 73, 288, 130, 554, 143, 543, 344, 562, 568, 49, 2, 379, 171, 310, 451, 103, 60, 384, 580, 518, 56, 85, 516, 585, 251, 534, 569, 7, 486, 521, 24, 501, 182, 397, 36, 514, 531, 340, 412, 498, 329, 572, 192, 444, 358, 388, 413, 588, 151, 561, 447, 558, 275, 197, 223, 515, 546, 300, 122, 467, 91, 252, 520, 511, 483, 464, 535, 194, 190, 577, 512, 541, 260, 26, 362, 215, 567, 75, 439, 419, 462, 414, 4, 322, 28, 410, 32, 360, 524, 489, 96, 280, 547, 277, 509, 455, 239, 255, 44, 6, 374, 201, 154, 487, 222, 104, 224, 365, 101, 539, 77, 30, 244, 53, 566, 92, 393, 356, 426, 295, 587, 497, 593, 114, 250, 67, 575, 35, 187, 196, 513, 314, 9, 420, 62, 542, 55, 93, 345, 210, 343, 450, 68, 395, 139, 325, 385, 107, 508, 177, 5, 16, 169, 124, 492, 199, 584, 347, 99, 266, 490, 563, 242, 160, 234, 348, 525, 47, 274, 22, 334, 0]",24240.373916083878,8.846901893615723
tsp-problem-600-3600-100-5-1.txt,"[0, 356, 583, 128, 17, 432, 366, 274, 390, 252, 414, 422, 63, 146, 294, 417, 129, 325, 72, 96, 503, 270, 126, 105, 172, 426, 258, 26, 362, 272, 440, 32, 199, 506, 222, 224, 535, 53, 261, 135, 501, 212, 158, 157, 190, 518, 27, 373, 228, 371, 153, 582, 293, 466, 240, 248, 336, 50, 434, 460, 457, 38, 260, 225, 331, 517, 234, 480, 441, 12, 117, 127, 333, 595, 70, 305, 177, 558, 115, 2, 427, 470, 1, 176, 187, 361, 454, 52, 492, 149, 394, 99, 324, 451, 579, 438, 345, 587, 562, 461, 519, 596, 254, 195, 218, 80, 285, 474, 282, 183, 334, 202, 22, 281, 130, 213, 207, 216, 357, 544, 269, 471, 255, 36, 571, 300, 94, 385, 533, 436, 23, 450, 296, 586, 393, 28, 298, 486, 505, 197, 205, 87, 39, 193, 41, 60, 79, 439, 534, 20, 315, 76, 243, 429, 403, 279, 455, 347, 574, 150, 339, 307, 226, 277, 134, 502, 489, 395, 249, 446, 563, 507, 179, 400, 189, 246, 93, 160, 536, 229, 165, 40, 286, 21, 198, 9, 253, 590, 512, 597, 566, 594, 569, 44, 192, 219, 386, 64, 241, 51, 164, 25, 18, 194, 561, 337, 402, 124, 435, 278, 560, 548, 416, 19, 78, 456, 499, 166, 104, 95, 377, 108, 290, 256, 308, 180, 379, 123, 397, 46, 186, 482, 538, 271, 173, 245, 520, 539, 370, 452, 494, 257, 335, 462, 578, 8, 112, 182, 591, 513, 56, 525, 392, 575, 599, 431, 375, 133, 344, 573, 67, 367, 428, 570, 37, 77, 161, 537, 69, 516, 526, 396, 141, 543, 238, 556, 237, 581, 148, 368, 250, 85, 568, 7, 109, 484, 29, 289, 247, 147, 168, 311, 310, 384, 309, 515, 15, 504, 231, 49, 580, 304, 498, 33, 259, 142, 529, 425, 472, 318, 564, 532, 169, 239, 550, 45, 406, 549, 541, 447, 210, 510, 121, 170, 299, 100, 209, 495, 317, 490, 592, 223, 365, 106, 159, 3, 584, 110, 346, 291, 132, 555, 401, 16, 449, 287, 43, 92, 557, 399, 572, 103, 152, 90, 479, 321, 491, 445, 421, 437, 122, 327, 528, 138, 391, 540, 206, 306, 185, 292, 196, 522, 511, 313, 144, 268, 389, 288, 5, 524, 342, 598, 459, 328, 330, 242, 118, 588, 140, 530, 552, 143, 312, 521, 398, 156, 423, 264, 514, 235, 230, 114, 82, 319, 265, 295, 101, 554, 217, 531, 468, 433, 413, 493, 232, 171, 107, 589, 350, 485, 221, 188, 211, 83, 411, 251, 89, 203, 91, 86, 404, 6, 349, 496, 444, 24, 262, 162, 11, 527, 244, 410, 355, 120, 577, 263, 329, 545, 184, 301, 284, 380, 204, 47, 10, 508, 374, 363, 215, 68, 359, 332, 487, 154, 465, 500, 369, 214, 551, 475, 200, 430, 97, 227, 405, 415, 181, 167, 276, 111, 4, 442, 320, 353, 343, 420, 151, 88, 376, 137, 407, 220, 163, 55, 145, 382, 351, 419, 453, 463, 483, 567, 74, 233, 418, 443, 71, 275, 81, 340, 565, 358, 547, 523, 316, 54, 546, 302, 408, 448, 30, 201, 297, 323, 84, 59, 119, 303, 469, 477, 57, 61, 383, 424, 378, 542, 593, 322, 352, 478, 42, 155, 326, 497, 208, 266, 65, 236, 125, 354, 113, 387, 73, 34, 341, 116, 338, 481, 267, 409, 14, 473, 58, 576, 75, 314, 585, 372, 98, 360, 273, 381, 467, 31, 464, 412, 136, 559, 476, 553, 102, 139, 458, 348, 191, 488, 280, 13, 509, 35, 174, 66, 388, 283, 48, 131, 62, 364, 175, 178, 0]",52051.154462279395,6.951182126998901
tsp-problem-600-36000-100-25-1.txt,"[0, 371, 292, 402, 369, 89, 388, 404, 399, 141, 136, 291, 350, 596, 138, 419, 252, 143, 62, 351, 326, 173, 560, 51, 273, 517, 278, 307, 496, 448, 42, 264, 398, 434, 193, 63, 281, 200, 325, 373, 396, 60, 465, 482, 123, 499, 470, 553, 549, 427, 294, 69, 352, 58, 216, 205, 318, 441, 226, 279, 323, 18, 118, 298, 65, 405, 571, 241, 486, 112, 248, 433, 322, 443, 510, 425, 283, 157, 410, 20, 302, 52, 287, 362, 46, 247, 576, 171, 567, 222, 168, 33, 56, 429, 403, 220, 120, 462, 315, 87, 2, 231, 152, 505, 481, 12, 285, 245, 597, 585, 228, 511, 584, 74, 339, 7, 372, 194, 244, 507, 188, 389, 533, 268, 167, 82, 424, 274, 324, 297, 224, 477, 375, 184, 417, 491, 111, 246, 454, 235, 295, 379, 492, 102, 490, 263, 275, 116, 201, 14, 431, 57, 83, 330, 277, 40, 412, 418, 135, 219, 185, 284, 289, 106, 487, 401, 81, 432, 475, 180, 122, 172, 591, 521, 68, 166, 542, 383, 595, 290, 449, 397, 9, 262, 206, 461, 599, 445, 270, 360, 85, 365, 321, 467, 124, 250, 126, 592, 257, 310, 308, 27, 161, 518, 214, 367, 204, 414, 420, 115, 353, 407, 459, 593, 309, 415, 565, 197, 370, 54, 215, 190, 554, 509, 342, 132, 177, 317, 238, 573, 469, 32, 313, 232, 524, 272, 186, 155, 269, 150, 447, 544, 498, 6, 358, 474, 17, 512, 70, 72, 153, 356, 4, 227, 169, 456, 590, 48, 163, 131, 282, 203, 156, 390, 101, 344, 483, 453, 24, 178, 334, 495, 53, 577, 391, 428, 37, 377, 207, 520, 345, 451, 127, 525, 121, 580, 460, 348, 253, 293, 442, 531, 463, 175, 527, 552, 266, 96, 304, 354, 38, 80, 598, 41, 464, 392, 566, 368, 105, 243, 182, 212, 25, 501, 376, 541, 406, 437, 382, 504, 416, 530, 394, 537, 22, 66, 516, 174, 588, 218, 21, 47, 411, 568, 349, 547, 328, 151, 444, 183, 208, 493, 187, 142, 551, 409, 472, 189, 73, 473, 386, 148, 359, 240, 258, 159, 223, 31, 387, 3, 88, 19, 237, 381, 455, 225, 221, 479, 558, 162, 306, 100, 540, 144, 355, 476, 529, 488, 423, 311, 332, 366, 236, 572, 86, 562, 569, 71, 91, 93, 199, 107, 137, 10, 45, 130, 140, 49, 570, 575, 439, 109, 408, 384, 421, 395, 545, 146, 548, 508, 555, 319, 254, 583, 357, 11, 303, 539, 164, 260, 519, 196, 336, 234, 489, 99, 550, 546, 229, 532, 108, 97, 579, 288, 494, 23, 95, 378, 210, 337, 139, 586, 119, 514, 484, 329, 561, 92, 261, 128, 340, 578, 587, 75, 104, 589, 84, 213, 556, 534, 1, 300, 59, 346, 98, 209, 259, 170, 16, 242, 513, 149, 191, 341, 506, 458, 271, 147, 400, 267, 526, 251, 582, 538, 466, 181, 28, 536, 422, 211, 480, 64, 29, 393, 280, 327, 256, 179, 502, 39, 5, 78, 523, 176, 134, 90, 440, 286, 347, 436, 335, 55, 195, 457, 333, 117, 574, 559, 497, 361, 249, 438, 563, 198, 192, 385, 265, 79, 450, 374, 239, 435, 34, 154, 338, 67, 296, 26, 44, 160, 426, 515, 30, 15, 77, 103, 535, 331, 35, 276, 36, 452, 312, 43, 217, 129, 468, 363, 255, 320, 50, 230, 202, 13, 471, 314, 500, 113, 503, 413, 165, 485, 364, 380, 233, 61, 158, 94, 125, 478, 446, 594, 557, 301, 343, 543, 110, 299, 522, 528, 114, 581, 316, 133, 430, 76, 305, 564, 8, 145, 0]",21291.400732367987,9.36791443824768
tsp-problem-600-36000-100-5-1.txt,"[0, 374, 548, 542, 154, 294, 275, 13, 142, 66, 62, 6, 580, 151, 162, 83, 146, 272, 106, 40, 23, 453, 3, 218, 532, 348, 19, 456, 468, 195, 11, 591, 383, 590, 527, 164, 241, 190, 504, 215, 386, 38, 172, 250, 430, 277, 174, 483, 260, 576, 363, 232, 568, 351, 419, 402, 47, 143, 265, 589, 465, 561, 247, 105, 132, 519, 103, 165, 410, 435, 323, 570, 290, 537, 550, 588, 299, 522, 160, 82, 264, 108, 297, 85, 303, 439, 554, 273, 497, 387, 149, 405, 57, 447, 562, 178, 555, 129, 18, 238, 46, 233, 517, 136, 257, 213, 342, 52, 452, 560, 403, 63, 595, 107, 21, 194, 125, 321, 130, 507, 91, 458, 270, 42, 331, 427, 65, 394, 473, 549, 411, 147, 486, 398, 90, 183, 388, 110, 44, 1, 206, 484, 598, 175, 424, 563, 261, 575, 455, 596, 133, 279, 384, 219, 88, 148, 400, 481, 361, 330, 192, 123, 104, 70, 463, 176, 87, 334, 68, 516, 97, 315, 93, 320, 128, 201, 564, 545, 120, 7, 280, 559, 505, 302, 134, 487, 311, 259, 163, 101, 56, 115, 116, 501, 274, 498, 390, 322, 450, 506, 157, 565, 514, 426, 84, 436, 521, 511, 227, 266, 490, 268, 586, 94, 127, 79, 494, 182, 234, 365, 482, 420, 461, 544, 531, 536, 466, 153, 193, 197, 158, 526, 135, 355, 459, 20, 211, 460, 485, 173, 333, 92, 313, 579, 478, 457, 524, 205, 230, 27, 171, 437, 112, 59, 2, 60, 347, 442, 5, 267, 177, 534, 122, 80, 100, 86, 375, 312, 409, 145, 446, 181, 307, 401, 198, 472, 295, 327, 39, 17, 357, 525, 287, 31, 179, 325, 362, 9, 216, 35, 242, 308, 499, 25, 26, 185, 440, 76, 254, 33, 377, 114, 422, 288, 414, 212, 582, 408, 518, 344, 369, 393, 286, 300, 553, 207, 352, 258, 283, 271, 124, 281, 356, 539, 469, 141, 404, 237, 581, 495, 121, 140, 210, 470, 139, 248, 285, 293, 538, 187, 12, 34, 335, 503, 117, 571, 208, 235, 332, 413, 296, 161, 289, 476, 292, 594, 547, 50, 119, 28, 340, 432, 249, 441, 202, 246, 224, 546, 489, 338, 276, 225, 29, 444, 366, 551, 45, 4, 304, 314, 81, 328, 109, 367, 433, 368, 475, 111, 429, 53, 523, 102, 508, 557, 343, 309, 502, 186, 269, 10, 310, 509, 58, 239, 566, 421, 428, 370, 572, 451, 449, 8, 417, 214, 569, 200, 599, 236, 137, 530, 15, 379, 16, 592, 319, 391, 380, 396, 491, 353, 22, 479, 415, 382, 533, 341, 51, 118, 513, 577, 223, 573, 528, 510, 73, 346, 448, 231, 284, 75, 397, 209, 567, 180, 71, 196, 492, 345, 169, 24, 220, 339, 170, 529, 359, 431, 262, 245, 95, 78, 37, 425, 89, 150, 41, 43, 471, 418, 189, 552, 14, 252, 540, 317, 156, 229, 55, 407, 217, 298, 152, 389, 203, 191, 159, 77, 585, 69, 376, 61, 360, 350, 493, 584, 99, 462, 306, 583, 291, 558, 337, 512, 228, 253, 381, 243, 126, 72, 474, 541, 96, 324, 480, 464, 64, 372, 543, 32, 263, 378, 48, 222, 301, 67, 515, 443, 392, 454, 488, 395, 168, 204, 358, 184, 371, 438, 364, 305, 412, 251, 30, 255, 597, 556, 329, 131, 318, 138, 74, 434, 406, 282, 423, 496, 373, 399, 336, 113, 221, 578, 188, 535, 49, 166, 349, 36, 416, 385, 574, 500, 445, 155, 98, 256, 54, 226, 587, 167, 520, 326, 199, 244, 593, 240, 144, 354, 477, 316, 467, 278, 0]",52434.368477477365,5.00607442855835
tsp-problem-600-72000-100-25-1.txt,"[0, 312, 407, 231, 402, 154, 565, 447, 305, 195, 219, 132, 150, 552, 388, 208, 11, 333, 243, 34, 116, 166, 169, 570, 122, 238, 456, 294, 143, 95, 393, 106, 543, 256, 434, 206, 223, 461, 1, 101, 283, 415, 239, 120, 329, 128, 559, 156, 465, 161, 214, 389, 165, 258, 509, 175, 489, 48, 254, 25, 400, 576, 587, 125, 199, 574, 352, 139, 94, 428, 222, 291, 547, 90, 151, 57, 459, 473, 210, 440, 510, 324, 448, 46, 495, 360, 375, 183, 303, 515, 240, 534, 551, 64, 107, 449, 113, 452, 501, 140, 562, 167, 470, 424, 24, 142, 553, 499, 44, 530, 96, 181, 218, 27, 286, 245, 52, 77, 85, 496, 49, 202, 234, 172, 563, 148, 385, 159, 242, 467, 126, 59, 379, 145, 364, 100, 121, 519, 196, 331, 533, 17, 280, 266, 538, 458, 71, 513, 369, 335, 598, 179, 274, 442, 418, 318, 257, 18, 425, 430, 285, 391, 7, 548, 498, 542, 54, 81, 339, 220, 74, 455, 518, 289, 170, 248, 595, 299, 186, 493, 522, 487, 97, 537, 177, 5, 108, 84, 307, 504, 340, 394, 568, 451, 450, 288, 50, 12, 377, 246, 350, 184, 590, 541, 29, 23, 146, 474, 82, 405, 401, 53, 124, 205, 227, 275, 344, 131, 187, 417, 427, 386, 225, 446, 261, 244, 477, 403, 60, 10, 463, 572, 260, 382, 127, 544, 315, 581, 88, 460, 117, 191, 516, 439, 583, 347, 264, 328, 437, 66, 511, 160, 241, 192, 26, 204, 259, 198, 370, 98, 276, 152, 296, 270, 8, 20, 371, 358, 575, 313, 486, 281, 287, 9, 359, 162, 14, 61, 153, 596, 215, 163, 374, 361, 322, 103, 190, 79, 494, 521, 357, 599, 520, 174, 549, 311, 65, 485, 255, 436, 273, 529, 363, 586, 564, 105, 92, 155, 321, 102, 404, 310, 323, 561, 444, 31, 93, 356, 362, 472, 536, 500, 83, 4, 478, 453, 295, 390, 267, 230, 147, 523, 422, 67, 476, 290, 431, 545, 123, 22, 334, 584, 47, 525, 484, 99, 332, 325, 526, 164, 317, 540, 252, 224, 3, 594, 535, 582, 346, 502, 429, 528, 189, 194, 268, 454, 419, 314, 585, 531, 351, 91, 86, 409, 349, 408, 571, 37, 104, 110, 247, 308, 378, 19, 558, 118, 130, 539, 302, 342, 203, 592, 557, 217, 336, 546, 263, 236, 304, 39, 560, 36, 228, 229, 345, 138, 330, 338, 114, 316, 468, 505, 129, 432, 355, 426, 524, 33, 282, 573, 503, 527, 201, 265, 200, 89, 251, 279, 197, 63, 73, 272, 483, 365, 13, 158, 237, 168, 271, 297, 343, 15, 2, 416, 211, 457, 348, 507, 578, 232, 301, 293, 68, 75, 555, 176, 87, 136, 506, 32, 253, 354, 497, 235, 309, 193, 383, 395, 376, 157, 250, 421, 368, 532, 567, 327, 76, 480, 482, 566, 78, 320, 56, 69, 185, 226, 80, 111, 319, 580, 372, 492, 278, 406, 593, 337, 51, 134, 133, 445, 209, 413, 21, 62, 233, 420, 171, 115, 137, 577, 180, 306, 550, 35, 556, 30, 326, 178, 262, 397, 173, 292, 569, 249, 512, 433, 373, 579, 40, 341, 469, 398, 387, 475, 392, 213, 298, 42, 396, 216, 16, 380, 479, 597, 367, 300, 284, 72, 491, 188, 381, 45, 435, 410, 207, 462, 471, 119, 514, 109, 112, 353, 399, 38, 141, 441, 182, 464, 508, 144, 70, 412, 212, 28, 466, 490, 269, 588, 517, 58, 384, 589, 591, 481, 41, 221, 43, 411, 423, 366, 414, 55, 6, 438, 554, 488, 135, 149, 277, 443, 0]",20938.27657711062,11.958916902542114
tsp-problem-600-72000-100-5-1.txt,"[0, 520, 227, 58, 454, 153, 456, 423, 578, 234, 8, 115, 236, 588, 246, 518, 3, 557, 218, 428, 172, 447, 116, 381, 271, 463, 591, 418, 363, 323, 339, 183, 300, 136, 204, 393, 155, 341, 487, 392, 49, 322, 76, 291, 587, 203, 581, 285, 45, 385, 32, 132, 535, 441, 525, 443, 181, 599, 312, 265, 199, 514, 407, 194, 490, 347, 72, 94, 314, 176, 572, 260, 307, 356, 387, 502, 542, 302, 506, 107, 372, 121, 233, 108, 25, 214, 154, 328, 178, 259, 145, 367, 444, 212, 397, 83, 279, 340, 12, 554, 409, 139, 7, 575, 137, 549, 103, 30, 398, 475, 373, 43, 258, 126, 245, 311, 290, 53, 344, 412, 541, 1, 191, 358, 567, 521, 482, 315, 582, 486, 379, 384, 113, 555, 282, 104, 362, 5, 160, 594, 524, 2, 336, 123, 257, 458, 563, 345, 505, 220, 507, 201, 166, 476, 26, 453, 404, 255, 23, 223, 229, 89, 293, 371, 24, 574, 151, 177, 170, 583, 197, 148, 477, 82, 10, 71, 179, 205, 200, 272, 577, 42, 287, 266, 316, 163, 20, 169, 465, 411, 81, 536, 419, 457, 584, 224, 573, 564, 432, 446, 270, 52, 318, 589, 59, 208, 565, 597, 417, 523, 469, 9, 127, 292, 364, 19, 527, 87, 156, 501, 278, 65, 253, 509, 545, 450, 331, 415, 313, 125, 66, 526, 294, 405, 433, 369, 464, 493, 401, 561, 467, 472, 235, 495, 195, 252, 400, 320, 112, 406, 413, 17, 396, 310, 353, 198, 38, 73, 28, 86, 566, 466, 540, 529, 492, 569, 202, 91, 346, 55, 280, 140, 164, 440, 342, 14, 498, 114, 98, 134, 248, 303, 36, 585, 56, 547, 46, 256, 251, 517, 51, 273, 473, 377, 185, 431, 496, 244, 522, 510, 34, 497, 394, 445, 267, 269, 173, 485, 247, 237, 230, 106, 435, 332, 90, 333, 513, 146, 161, 41, 299, 60, 117, 74, 80, 426, 395, 579, 239, 215, 268, 366, 193, 150, 503, 494, 174, 75, 70, 337, 375, 500, 327, 68, 130, 31, 109, 242, 50, 241, 470, 354, 232, 190, 95, 478, 128, 97, 309, 389, 488, 4, 552, 553, 484, 530, 504, 508, 77, 330, 180, 479, 228, 305, 15, 427, 388, 455, 593, 596, 120, 147, 47, 263, 460, 231, 586, 308, 143, 225, 568, 11, 324, 422, 499, 217, 390, 135, 99, 295, 383, 452, 459, 62, 64, 67, 571, 516, 33, 590, 211, 595, 421, 532, 250, 119, 261, 429, 480, 321, 592, 222, 360, 570, 138, 399, 306, 142, 262, 289, 189, 105, 550, 210, 556, 368, 284, 416, 243, 111, 219, 442, 171, 301, 288, 131, 18, 264, 122, 110, 304, 580, 534, 186, 560, 79, 37, 481, 334, 483, 296, 408, 168, 188, 216, 365, 357, 317, 238, 13, 184, 286, 512, 283, 187, 468, 528, 102, 221, 537, 343, 391, 437, 192, 539, 274, 598, 226, 410, 152, 559, 44, 489, 326, 439, 275, 29, 471, 430, 162, 382, 209, 461, 533, 576, 149, 39, 462, 376, 338, 21, 167, 129, 133, 22, 35, 414, 434, 544, 350, 6, 158, 538, 96, 78, 27, 558, 298, 548, 348, 378, 451, 531, 491, 69, 402, 370, 159, 335, 213, 196, 420, 88, 157, 100, 546, 551, 297, 361, 182, 448, 380, 329, 118, 352, 63, 511, 84, 40, 449, 355, 16, 319, 515, 249, 85, 424, 254, 144, 281, 61, 277, 101, 57, 474, 165, 124, 48, 93, 206, 359, 240, 54, 325, 349, 436, 403, 351, 386, 425, 438, 519, 543, 207, 92, 374, 562, 141, 276, 175, 0]",52375.25718984095,5.3405115604400635
tsp-problem-75-1125-100-25-1.txt,"[0, 3, 45, 33, 1, 68, 40, 15, 10, 42, 29, 62, 41, 19, 32, 44, 64, 70, 61, 4, 60, 8, 20, 31, 49, 21, 52, 13, 66, 18, 59, 53, 7, 37, 48, 17, 73, 2, 23, 5, 38, 34, 12, 16, 47, 30, 43, 74, 63, 14, 35, 46, 65, 69, 67, 11, 58, 9, 27, 51, 36, 54, 55, 71, 22, 26, 6, 72, 25, 24, 50, 56, 57, 39, 28, 0]",3910.8724077842535,0.08414411544799805
tsp-problem-75-1125-100-5-1.txt,"[0, 42, 73, 41, 69, 44, 57, 29, 16, 2, 23, 65, 46, 37, 24, 31, 50, 3, 72, 1, 18, 15, 33, 45, 38, 20, 48, 19, 47, 13, 74, 25, 32, 14, 6, 22, 66, 68, 35, 56, 5, 51, 59, 49, 36, 64, 39, 70, 40, 55, 11, 28, 30, 58, 12, 9, 4, 53, 34, 67, 71, 52, 21, 17, 61, 60, 8, 54, 62, 7, 27, 26, 63, 10, 43, 0]",6825.907980845751,0.09114241600036621
tsp-problem-75-2250-100-25-1.txt,"[0, 38, 22, 67, 19, 45, 34, 25, 23, 33, 64, 17, 49, 69, 56, 57, 52, 28, 10, 9, 74, 53, 55, 59, 35, 68, 32, 70, 4, 43, 47, 44, 18, 50, 20, 36, 21, 15, 66, 61, 73, 40, 24, 41, 30, 14, 39, 11, 29, 6, 1, 72, 26, 63, 3, 31, 51, 58, 48, 16, 2, 13, 54, 46, 62, 42, 71, 65, 8, 27, 60, 7, 37, 12, 5, 0]",3878.1289601000053,0.10017275810241699
tsp-problem-75-2250-100-5-1.txt,"[0, 33, 3, 18, 44, 48, 10, 53, 9, 67, 63, 39, 56, 7, 43, 47, 29, 19, 66, 28, 57, 50, 72, 4, 34, 40, 70, 6, 60, 14, 11, 49, 73, 25, 71, 20, 55, 42, 59, 15, 13, 69, 52, 2, 74, 35, 38, 22, 61, 51, 68, 41, 1, 23, 17, 58, 36, 12, 54, 24, 5, 8, 26, 32, 64, 37, 27, 21, 16, 62, 31, 65, 30, 46, 45, 0]",6786.851903779229,0.06328964233398438
tsp-problem-75-281-100-25-1.txt,"[0, 36, 6, 40, 37, 12, 47, 60, 17, 10, 62, 5, 42, 7, 74, 69, 59, 71, 23, 3, 30, 19, 1, 51, 46, 67, 70, 49, 55, 11, 25, 44, 4, 50, 27, 61, 22, 48, 35, 24, 68, 43, 15, 29, 33, 63, 41, 21, 57, 16, 56, 52, 31, 34, 53, 13, 38, 64, 28, 9, 72, 45, 2, 26, 66, 65, 54, 39, 14, 20, 32, 73, 18, 8, 58, 0]",3869.9093179515044,0.08049774169921875
tsp-problem-75-281-100-5-1.txt,"[0, 40, 15, 23, 58, 61, 2, 39, 60, 70, 30, 3, 33, 4, 12, 46, 59, 73, 28, 6, 48, 16, 20, 62, 56, 14, 55, 44, 32, 49, 53, 72, 25, 41, 74, 9, 38, 7, 24, 19, 26, 21, 63, 68, 43, 18, 11, 36, 10, 67, 31, 29, 5, 51, 52, 17, 42, 8, 66, 54, 57, 69, 37, 13, 65, 64, 47, 34, 1, 22, 50, 35, 27, 71, 45, 0]",6792.616185319652,0.06081676483154297
tsp-problem-75-56-100-25-1.txt,"[0, 36, 46, 49, 55, 73, 1, 24, 33, 51, 72, 4, 71, 5, 59, 7, 26, 30, 40, 12, 18, 48, 57, 2, 15, 8, 11, 28, 70, 68, 23, 74, 47, 22, 53, 16, 37, 45, 13, 62, 61, 27, 31, 43, 9, 21, 14, 67, 29, 3, 10, 44, 17, 39, 34, 19, 54, 58, 52, 50, 38, 42, 65, 41, 63, 35, 56, 60, 64, 20, 25, 32, 66, 69, 6, 0]",4135.009592680791,0.08674788475036621
tsp-problem-75-56-100-5-1.txt,"[0, 24, 25, 39, 12, 49, 51, 67, 28, 30, 29, 66, 31, 70, 9, 42, 64, 20, 62, 26, 71, 16, 5, 41, 48, 37, 22, 35, 69, 14, 53, 18, 1, 61, 45, 32, 21, 4, 44, 40, 38, 57, 54, 7, 6, 10, 52, 47, 72, 58, 59, 3, 46, 60, 43, 2, 65, 19, 13, 74, 23, 15, 33, 56, 11, 68, 8, 34, 55, 50, 27, 36, 63, 73, 17, 0]",6952.782623976273,0.06181788444519043
tsp-problem-75-562-100-25-1.txt,"[0, 74, 22, 20, 65, 50, 46, 17, 61, 55, 43, 15, 53, 6, 2, 60, 62, 68, 59, 44, 54, 38, 30, 19, 26, 28, 57, 24, 16, 52, 37, 48, 64, 13, 32, 3, 40, 71, 21, 67, 69, 41, 45, 12, 51, 58, 66, 18, 1, 72, 39, 31, 23, 7, 49, 5, 36, 4, 34, 73, 27, 63, 10, 35, 9, 8, 33, 42, 11, 47, 25, 14, 56, 29, 70, 0]",3543.7249687013627,0.10572481155395508
tsp-problem-75-562-100-5-1.txt,"[0, 43, 17, 11, 21, 50, 54, 53, 31, 74, 10, 60, 63, 4, 48, 45, 20, 42, 3, 70, 52, 72, 27, 28, 46, 71, 68, 22, 26, 61, 9, 49, 15, 32, 1, 16, 56, 24, 73, 7, 57, 62, 13, 69, 51, 65, 23, 41, 67, 19, 47, 5, 33, 29, 64, 40, 36, 58, 38, 39, 34, 14, 35, 18, 59, 44, 6, 66, 37, 8, 25, 30, 2, 12, 55, 0]",6812.109144894807,0.055896759033203125
tsp-problem-800-128000-100-25-1.txt,"[0, 198, 603, 669, 304, 168, 517, 498, 332, 290, 550, 248, 607, 737, 377, 89, 352, 743, 200, 369, 343, 209, 75, 221, 180, 695, 311, 604, 687, 650, 442, 252, 708, 229, 756, 318, 407, 40, 268, 61, 592, 451, 301, 497, 582, 719, 194, 394, 492, 219, 285, 145, 562, 280, 485, 284, 761, 77, 297, 777, 534, 541, 228, 419, 675, 212, 455, 110, 753, 299, 279, 20, 569, 542, 166, 557, 588, 499, 113, 615, 129, 291, 628, 577, 484, 406, 489, 559, 41, 468, 82, 637, 784, 333, 362, 414, 72, 124, 429, 266, 646, 645, 202, 691, 421, 283, 313, 135, 438, 423, 238, 447, 663, 555, 656, 724, 472, 747, 34, 665, 107, 712, 383, 288, 678, 156, 464, 523, 564, 83, 9, 199, 732, 387, 58, 39, 33, 390, 400, 457, 397, 370, 543, 44, 546, 261, 676, 211, 633, 143, 56, 337, 16, 684, 488, 50, 487, 413, 718, 707, 244, 272, 449, 116, 88, 752, 797, 474, 115, 616, 249, 70, 18, 433, 329, 341, 273, 379, 30, 146, 191, 380, 511, 629, 195, 755, 322, 648, 613, 109, 780, 510, 437, 298, 792, 402, 184, 491, 247, 347, 717, 673, 626, 788, 690, 196, 403, 715, 679, 316, 73, 374, 151, 230, 558, 608, 519, 795, 477, 385, 590, 772, 681, 612, 64, 750, 105, 217, 125, 287, 518, 589, 336, 479, 417, 528, 611, 623, 672, 207, 364, 326, 401, 54, 630, 527, 29, 574, 164, 567, 778, 682, 771, 66, 733, 134, 126, 662, 142, 23, 548, 157, 339, 661, 606, 441, 399, 444, 175, 112, 512, 685, 735, 21, 571, 295, 463, 547, 3, 172, 521, 97, 305, 576, 509, 703, 62, 106, 503, 427, 162, 300, 177, 731, 331, 635, 529, 659, 353, 358, 86, 636, 601, 408, 262, 770, 309, 278, 526, 440, 363, 396, 274, 218, 65, 725, 741, 100, 350, 746, 203, 241, 303, 481, 392, 104, 458, 513, 651, 99, 95, 181, 393, 376, 445, 506, 239, 749, 456, 190, 382, 688, 367, 525, 335, 779, 726, 308, 38, 531, 182, 697, 315, 90, 366, 192, 25, 150, 568, 371, 454, 22, 763, 602, 201, 314, 176, 622, 160, 84, 10, 535, 575, 539, 216, 271, 480, 728, 798, 140, 738, 185, 17, 71, 450, 45, 486, 734, 793, 225, 696, 566, 565, 169, 215, 751, 49, 108, 345, 236, 372, 204, 5, 92, 533, 101, 563, 425, 495, 179, 254, 624, 312, 619, 277, 159, 664, 705, 654, 660, 426, 24, 189, 48, 605, 505, 206, 701, 53, 586, 136, 117, 643, 123, 493, 524, 144, 258, 709, 693, 334, 119, 265, 674, 680, 410, 111, 163, 596, 263, 544, 572, 416, 720, 507, 683, 435, 98, 551, 388, 173, 515, 692, 766, 47, 286, 154, 432, 617, 556, 255, 15, 579, 773, 536, 275, 7, 591, 420, 764, 786, 26, 530, 781, 130, 220, 508, 748, 467, 356, 730, 578, 799, 32, 700, 269, 35, 453, 501, 323, 37, 478, 757, 647, 600, 739, 496, 76, 452, 384, 475, 325, 504, 74, 267, 122, 149, 714, 52, 758, 250, 361, 67, 289, 632, 627, 774, 641, 411, 14, 694, 96, 502, 742, 404, 634, 516, 639, 293, 722, 208, 537, 736, 702, 723, 186, 42, 483, 614, 296, 428, 446, 213, 197, 321, 540, 595, 422, 365, 193, 292, 585, 625, 434, 668, 330, 102, 587, 319, 320, 237, 500, 554, 415, 655, 522, 232, 775, 183, 253, 121, 448, 2, 360, 55, 338, 471, 63, 57, 13, 671, 744, 465, 640, 520, 418, 85, 81, 796, 205, 580, 439, 711, 436, 307, 240, 132, 79, 652, 264, 412, 243, 424, 222, 233, 137, 621, 395, 785, 783, 8, 80, 302, 787, 128, 294, 188, 597, 560, 12, 789, 167, 754, 178, 581, 235, 598, 351, 223, 60, 281, 310, 349, 391, 532, 514, 405, 78, 389, 378, 794, 538, 155, 27, 762, 767, 430, 729, 760, 584, 573, 610, 6, 59, 470, 68, 490, 398, 727, 638, 328, 348, 118, 699, 776, 667, 670, 43, 759, 270, 1, 51, 375, 152, 593, 765, 631, 698, 11, 256, 782, 93, 553, 346, 120, 87, 657, 246, 473, 251, 459, 686, 745, 368, 4, 599, 226, 642, 31, 148, 386, 710, 259, 716, 36, 355, 462, 494, 94, 644, 245, 171, 340, 653, 666, 242, 282, 170, 158, 704, 327, 342, 231, 187, 19, 234, 431, 354, 359, 127, 469, 103, 139, 46, 373, 260, 466, 583, 482, 161, 147, 165, 28, 713, 768, 570, 549, 306, 141, 69, 677, 689, 721, 227, 658, 344, 791, 790, 133, 460, 769, 174, 620, 224, 443, 609, 324, 594, 214, 381, 276, 257, 138, 210, 91, 357, 545, 561, 618, 740, 409, 461, 114, 476, 317, 649, 706, 131, 552, 153, 0]",26017.531125912887,18.191365003585815
tsp-problem-800-128000-100-5-1.txt,"[0, 292, 614, 604, 265, 325, 520, 169, 30, 50, 688, 71, 483, 561, 533, 585, 447, 370, 777, 404, 550, 51, 638, 618, 235, 583, 53, 691, 384, 736, 431, 192, 156, 276, 685, 742, 435, 731, 257, 779, 60, 504, 797, 308, 642, 356, 693, 132, 95, 611, 643, 601, 658, 574, 96, 680, 202, 659, 500, 462, 450, 190, 695, 84, 351, 129, 323, 544, 719, 482, 120, 295, 758, 650, 170, 577, 667, 627, 89, 287, 602, 320, 299, 210, 331, 298, 197, 660, 672, 509, 358, 521, 543, 640, 546, 560, 700, 540, 179, 27, 367, 345, 523, 124, 529, 349, 495, 548, 131, 588, 579, 316, 584, 185, 165, 739, 145, 589, 449, 91, 714, 468, 451, 541, 426, 78, 418, 188, 305, 699, 635, 291, 694, 256, 761, 467, 317, 130, 738, 77, 686, 713, 458, 90, 199, 187, 452, 594, 315, 149, 578, 191, 573, 250, 488, 380, 773, 651, 763, 551, 143, 730, 726, 353, 538, 665, 429, 311, 600, 373, 412, 238, 83, 394, 375, 56, 615, 416, 606, 605, 357, 92, 368, 72, 19, 242, 285, 180, 542, 150, 17, 196, 744, 126, 253, 324, 445, 755, 336, 707, 400, 158, 283, 300, 689, 382, 439, 554, 457, 207, 428, 364, 455, 750, 735, 506, 122, 302, 616, 113, 217, 569, 381, 705, 776, 423, 657, 355, 304, 757, 102, 137, 222, 216, 532, 347, 64, 459, 669, 469, 14, 656, 20, 595, 76, 195, 490, 40, 334, 510, 231, 556, 456, 794, 427, 399, 790, 751, 230, 332, 460, 687, 641, 796, 264, 335, 146, 417, 528, 313, 8, 81, 430, 597, 348, 765, 787, 290, 153, 723, 537, 201, 125, 720, 273, 74, 491, 142, 225, 312, 119, 214, 555, 359, 87, 268, 39, 168, 241, 661, 766, 784, 798, 177, 271, 338, 563, 724, 598, 408, 670, 684, 43, 636, 282, 634, 549, 711, 474, 709, 42, 21, 793, 754, 580, 110, 104, 743, 792, 453, 12, 309, 466, 203, 70, 34, 147, 444, 108, 747, 114, 208, 775, 346, 275, 172, 690, 284, 26, 737, 57, 280, 65, 244, 728, 622, 73, 587, 677, 37, 32, 186, 22, 414, 508, 470, 603, 475, 623, 354, 157, 525, 547, 86, 422, 572, 522, 681, 2, 383, 3, 328, 535, 128, 141, 97, 162, 746, 479, 608, 492, 362, 729, 545, 318, 136, 496, 586, 406, 68, 206, 419, 756, 232, 251, 424, 101, 717, 442, 160, 472, 223, 753, 166, 261, 620, 286, 228, 140, 369, 716, 629, 783, 441, 321, 526, 702, 524, 376, 610, 260, 774, 94, 314, 18, 581, 103, 741, 494, 536, 200, 233, 54, 582, 371, 1, 662, 339, 402, 438, 645, 768, 480, 67, 61, 385, 484, 115, 673, 319, 704, 503, 734, 174, 135, 13, 795, 377, 395, 294, 388, 639, 489, 16, 118, 4, 310, 401, 780, 25, 607, 498, 405, 272, 476, 701, 209, 5, 82, 363, 350, 352, 237, 296, 403, 134, 517, 668, 274, 397, 66, 413, 733, 631, 420, 161, 24, 621, 553, 722, 718, 361, 725, 682, 625, 31, 152, 612, 38, 139, 575, 93, 184, 62, 243, 499, 649, 189, 85, 410, 486, 278, 121, 745, 144, 215, 644, 534, 52, 446, 570, 613, 236, 372, 415, 421, 389, 301, 671, 99, 226, 9, 461, 497, 344, 440, 740, 297, 193, 706, 609, 164, 181, 138, 703, 407, 234, 633, 771, 213, 374, 592, 390, 259, 33, 788, 502, 69, 712, 35, 306, 568, 28, 791, 513, 267, 252, 98, 516, 48, 303, 183, 626, 708, 531, 425, 198, 789, 246, 764, 59, 366, 507, 263, 107, 159, 432, 591, 15, 443, 255, 329, 343, 567, 485, 518, 386, 262, 409, 117, 557, 44, 676, 511, 289, 307, 58, 759, 448, 379, 663, 393, 10, 478, 571, 715, 245, 637, 646, 176, 769, 55, 760, 279, 342, 678, 619, 341, 29, 590, 163, 558, 493, 212, 218, 434, 148, 194, 576, 23, 173, 786, 748, 330, 105, 63, 106, 281, 674, 6, 762, 464, 127, 749, 224, 566, 692, 154, 599, 752, 664, 41, 387, 229, 632, 151, 239, 647, 205, 88, 683, 365, 249, 654, 75, 248, 799, 45, 473, 501, 624, 293, 277, 785, 617, 327, 562, 80, 240, 247, 514, 477, 79, 648, 333, 322, 11, 696, 111, 487, 781, 436, 454, 471, 655, 539, 211, 269, 732, 565, 46, 49, 552, 564, 326, 593, 710, 219, 116, 411, 254, 767, 666, 770, 396, 782, 340, 697, 337, 463, 258, 630, 481, 167, 628, 220, 7, 512, 270, 171, 515, 155, 559, 653, 123, 652, 178, 204, 679, 721, 398, 391, 675, 47, 437, 465, 36, 109, 727, 433, 530, 288, 519, 175, 360, 778, 596, 221, 227, 392, 378, 527, 133, 698, 100, 772, 112, 182, 266, 505, 0]",69680.90761623281,8.992161750793457
tsp-problem-800-256000-100-25-1.txt,"[0, 526, 426, 765, 791, 332, 770, 18, 344, 557, 658, 586, 172, 110, 701, 52, 17, 560, 607, 215, 15, 410, 594, 97, 518, 579, 329, 307, 628, 459, 654, 337, 675, 322, 721, 43, 161, 80, 512, 150, 11, 242, 290, 286, 342, 742, 517, 159, 474, 775, 580, 649, 674, 180, 224, 326, 89, 707, 505, 574, 284, 653, 712, 287, 709, 174, 753, 160, 256, 386, 57, 104, 576, 453, 676, 168, 688, 416, 704, 41, 611, 145, 411, 730, 456, 209, 129, 660, 28, 758, 672, 402, 345, 162, 219, 462, 700, 365, 781, 794, 377, 127, 274, 741, 445, 153, 173, 138, 166, 477, 375, 228, 370, 250, 62, 432, 634, 170, 226, 29, 248, 128, 236, 433, 119, 272, 587, 622, 558, 60, 305, 400, 687, 569, 46, 757, 169, 376, 371, 633, 620, 584, 489, 134, 346, 682, 356, 264, 310, 64, 391, 341, 212, 32, 373, 302, 685, 388, 114, 533, 353, 294, 115, 86, 496, 418, 198, 92, 548, 289, 321, 665, 233, 139, 495, 694, 83, 522, 447, 51, 50, 336, 149, 783, 503, 125, 234, 244, 536, 424, 374, 510, 463, 427, 752, 530, 157, 66, 493, 771, 715, 532, 460, 59, 483, 401, 47, 208, 14, 461, 22, 690, 546, 303, 154, 79, 625, 175, 68, 705, 338, 443, 471, 454, 2, 745, 408, 637, 191, 720, 298, 314, 163, 768, 177, 413, 792, 16, 436, 218, 556, 317, 132, 23, 555, 417, 35, 521, 602, 351, 508, 181, 355, 606, 552, 624, 524, 523, 49, 223, 19, 479, 451, 500, 708, 279, 740, 465, 105, 428, 246, 85, 309, 27, 267, 702, 369, 648, 502, 646, 547, 491, 230, 120, 324, 618, 304, 39, 588, 415, 488, 680, 570, 603, 122, 756, 328, 481, 568, 565, 186, 273, 311, 596, 759, 449, 108, 636, 441, 392, 158, 767, 578, 84, 275, 623, 563, 257, 786, 553, 671, 292, 642, 221, 716, 725, 4, 499, 194, 790, 686, 222, 37, 539, 38, 261, 243, 470, 249, 100, 278, 42, 434, 668, 164, 439, 10, 677, 779, 285, 9, 258, 714, 190, 65, 593, 396, 95, 381, 205, 604, 467, 718, 616, 724, 751, 359, 458, 600, 450, 667, 315, 573, 71, 562, 747, 501, 538, 473, 632, 268, 136, 201, 123, 117, 165, 543, 777, 101, 312, 754, 34, 1, 350, 176, 5, 378, 722, 200, 343, 774, 214, 731, 253, 431, 333, 61, 220, 610, 199, 306, 785, 361, 265, 262, 195, 235, 554, 717, 723, 33, 87, 692, 130, 728, 116, 706, 482, 734, 363, 504, 384, 8, 679, 486, 393, 282, 102, 193, 232, 617, 457, 645, 614, 72, 308, 678, 582, 178, 726, 206, 277, 12, 75, 766, 143, 368, 98, 339, 313, 137, 519, 325, 40, 81, 389, 535, 187, 36, 316, 729, 525, 340, 452, 156, 383, 506, 247, 347, 699, 492, 650, 54, 188, 387, 63, 380, 608, 213, 798, 217, 598, 784, 106, 260, 743, 300, 31, 299, 207, 216, 118, 245, 537, 442, 146, 430, 372, 398, 412, 797, 564, 612, 6, 626, 227, 464, 590, 69, 112, 189, 710, 746, 643, 787, 511, 572, 133, 399, 647, 609, 241, 135, 167, 484, 77, 507, 397, 403, 736, 689, 589, 696, 382, 406, 142, 151, 293, 111, 348, 280, 357, 141, 695, 644, 651, 577, 179, 301, 670, 192, 551, 352, 421, 283, 367, 516, 26, 657, 663, 3, 251, 799, 755, 559, 229, 147, 358, 331, 238, 760, 669, 761, 528, 514, 271, 629, 509, 320, 748, 259, 291, 70, 788, 237, 656, 684, 627, 96, 703, 419, 126, 550, 425, 605, 446, 82, 789, 673, 780, 520, 231, 513, 319, 529, 144, 155, 55, 567, 148, 631, 719, 30, 423, 422, 330, 13, 394, 444, 566, 542, 652, 733, 666, 619, 597, 795, 621, 140, 121, 769, 485, 21, 693, 364, 67, 613, 591, 778, 793, 635, 335, 515, 225, 269, 239, 323, 404, 438, 182, 254, 90, 366, 395, 476, 429, 497, 478, 776, 466, 74, 735, 763, 295, 469, 318, 711, 750, 7, 480, 468, 683, 24, 796, 773, 25, 638, 327, 210, 561, 240, 53, 420, 732, 297, 639, 782, 407, 203, 334, 131, 414, 266, 437, 448, 103, 601, 107, 211, 571, 698, 490, 583, 581, 494, 640, 270, 713, 202, 615, 727, 288, 664, 152, 409, 762, 472, 58, 662, 655, 88, 94, 183, 48, 764, 45, 124, 93, 360, 44, 575, 362, 772, 78, 585, 737, 544, 204, 390, 196, 263, 435, 545, 641, 531, 379, 56, 749, 592, 440, 697, 184, 661, 405, 73, 113, 296, 595, 171, 738, 659, 99, 527, 197, 691, 109, 540, 475, 744, 255, 534, 681, 385, 630, 455, 349, 91, 281, 354, 549, 599, 252, 541, 498, 76, 487, 20, 276, 739, 185, 0]",26287.89501311408,20.025017976760864
tsp-problem-800-256000-100-5-1.txt,"[0, 714, 474, 695, 771, 521, 684, 278, 124, 380, 530, 13, 48, 484, 674, 762, 250, 475, 588, 185, 357, 259, 263, 99, 614, 253, 779, 491, 106, 385, 790, 708, 19, 418, 34, 593, 797, 292, 782, 786, 659, 310, 46, 422, 442, 746, 166, 445, 32, 110, 301, 383, 429, 772, 374, 219, 590, 479, 778, 547, 656, 501, 180, 37, 290, 172, 653, 16, 160, 64, 252, 619, 192, 254, 500, 26, 581, 344, 38, 4, 10, 661, 103, 257, 693, 339, 367, 524, 89, 600, 615, 294, 469, 724, 76, 68, 552, 551, 217, 277, 487, 787, 289, 18, 163, 360, 300, 60, 599, 726, 472, 670, 251, 798, 526, 128, 363, 306, 428, 702, 297, 293, 391, 477, 94, 719, 794, 421, 637, 436, 638, 401, 165, 324, 463, 658, 112, 314, 332, 586, 176, 405, 660, 262, 608, 366, 358, 116, 167, 681, 56, 1, 624, 158, 171, 622, 232, 466, 621, 761, 415, 595, 390, 697, 245, 218, 73, 370, 326, 489, 768, 21, 17, 371, 343, 162, 757, 14, 623, 485, 228, 214, 567, 544, 701, 325, 187, 785, 680, 398, 51, 91, 459, 109, 281, 498, 766, 350, 85, 688, 382, 33, 375, 120, 642, 72, 700, 643, 795, 750, 287, 480, 247, 342, 699, 376, 770, 529, 556, 153, 434, 579, 24, 571, 31, 692, 630, 71, 230, 416, 159, 105, 541, 135, 542, 216, 452, 368, 545, 546, 671, 221, 672, 182, 597, 298, 113, 95, 587, 414, 206, 631, 748, 456, 657, 511, 606, 133, 603, 437, 470, 575, 433, 20, 307, 633, 224, 181, 458, 283, 409, 57, 781, 69, 645, 704, 299, 582, 395, 148, 769, 651, 408, 168, 439, 267, 709, 201, 399, 140, 36, 333, 523, 568, 430, 478, 108, 609, 435, 783, 66, 142, 353, 87, 535, 411, 514, 417, 41, 256, 525, 318, 156, 58, 25, 507, 743, 304, 538, 199, 455, 334, 602, 261, 407, 733, 378, 388, 461, 773, 340, 149, 183, 707, 460, 755, 198, 635, 272, 799, 154, 389, 242, 78, 226, 496, 93, 522, 238, 763, 665, 222, 303, 29, 425, 196, 441, 527, 607, 347, 234, 197, 280, 569, 689, 107, 129, 611, 589, 628, 745, 438, 381, 286, 465, 147, 233, 320, 397, 117, 723, 731, 431, 690, 42, 384, 740, 636, 11, 241, 610, 584, 451, 337, 528, 35, 2, 8, 737, 718, 562, 189, 40, 667, 508, 626, 39, 488, 137, 760, 473, 565, 104, 510, 5, 560, 613, 453, 75, 774, 446, 580, 178, 775, 736, 594, 765, 490, 574, 49, 612, 356, 629, 570, 493, 555, 23, 687, 102, 225, 125, 305, 698, 533, 97, 157, 369, 321, 346, 649, 134, 618, 227, 61, 577, 519, 364, 669, 515, 209, 335, 732, 213, 80, 265, 413, 351, 59, 146, 3, 341, 122, 648, 86, 173, 534, 499, 386, 531, 43, 482, 392, 215, 204, 756, 776, 646, 365, 377, 126, 352, 764, 617, 467, 564, 481, 348, 497, 190, 537, 274, 317, 729, 404, 52, 258, 711, 177, 236, 308, 276, 208, 620, 354, 616, 686, 767, 264, 246, 520, 174, 53, 549, 536, 634, 462, 471, 77, 136, 92, 559, 151, 652, 605, 186, 319, 725, 517, 212, 683, 127, 557, 98, 296, 440, 632, 394, 393, 100, 796, 143, 200, 427, 454, 561, 255, 539, 759, 55, 291, 789, 713, 423, 271, 235, 355, 513, 243, 585, 677, 516, 662, 447, 703, 784, 84, 664, 483, 362, 572, 788, 793, 691, 706, 751, 62, 722, 131, 111, 239, 114, 655, 152, 323, 121, 285, 747, 45, 548, 666, 311, 679, 6, 83, 450, 9, 710, 349, 268, 150, 532, 678, 231, 647, 420, 503, 410, 312, 70, 419, 288, 28, 220, 295, 22, 682, 730, 504, 464, 202, 717, 578, 550, 426, 279, 79, 90, 400, 443, 553, 96, 144, 596, 566, 50, 457, 554, 494, 780, 727, 316, 203, 240, 506, 175, 543, 742, 345, 650, 270, 758, 640, 269, 54, 509, 563, 396, 145, 675, 627, 275, 164, 329, 468, 361, 741, 179, 67, 273, 65, 712, 328, 716, 654, 573, 752, 284, 12, 592, 505, 673, 130, 74, 492, 359, 193, 720, 639, 210, 88, 184, 373, 540, 194, 372, 676, 138, 387, 101, 249, 119, 734, 63, 155, 82, 424, 502, 115, 315, 338, 432, 749, 260, 685, 738, 495, 191, 641, 330, 518, 282, 195, 47, 744, 721, 15, 30, 313, 244, 170, 27, 336, 625, 161, 583, 644, 444, 327, 379, 229, 309, 331, 223, 406, 668, 118, 512, 792, 207, 123, 476, 139, 237, 266, 694, 81, 302, 696, 728, 604, 412, 601, 715, 754, 211, 486, 448, 141, 402, 739, 558, 598, 169, 735, 132, 791, 663, 403, 591, 205, 449, 705, 188, 322, 753, 248, 44, 7, 576, 777, 0]",69664.01845827622,8.406455039978027
tsp-problem-800-32000-100-25-1.txt,"[0, 175, 385, 17, 659, 53, 462, 31, 733, 323, 164, 591, 116, 318, 18, 723, 159, 510, 33, 672, 778, 219, 521, 491, 768, 622, 43, 42, 207, 308, 275, 387, 506, 687, 758, 392, 486, 282, 138, 770, 235, 513, 160, 186, 216, 590, 388, 689, 35, 562, 503, 601, 429, 158, 157, 432, 363, 656, 651, 444, 183, 246, 139, 213, 203, 550, 558, 65, 555, 727, 181, 70, 694, 208, 536, 501, 236, 604, 605, 571, 515, 646, 760, 703, 525, 339, 341, 85, 644, 68, 269, 256, 690, 574, 357, 626, 239, 32, 115, 48, 731, 516, 234, 647, 390, 117, 322, 147, 180, 449, 254, 657, 761, 504, 280, 451, 297, 780, 456, 518, 204, 12, 337, 597, 744, 313, 495, 581, 304, 514, 243, 358, 539, 72, 799, 459, 717, 442, 543, 736, 7, 682, 170, 174, 141, 699, 673, 710, 379, 150, 686, 78, 77, 652, 599, 741, 561, 722, 627, 445, 782, 145, 148, 26, 553, 59, 594, 575, 786, 16, 467, 212, 669, 624, 711, 492, 99, 151, 195, 684, 79, 310, 415, 217, 389, 172, 127, 795, 595, 364, 294, 169, 291, 367, 509, 658, 452, 11, 568, 565, 614, 750, 9, 333, 455, 567, 80, 634, 655, 537, 400, 86, 96, 73, 484, 321, 721, 107, 540, 326, 512, 305, 120, 179, 545, 613, 176, 422, 414, 244, 428, 798, 753, 108, 20, 621, 585, 529, 450, 616, 532, 64, 784, 578, 245, 91, 338, 789, 40, 161, 344, 82, 167, 153, 37, 465, 222, 441, 661, 446, 489, 60, 122, 314, 125, 311, 163, 610, 483, 643, 29, 185, 205, 473, 508, 688, 332, 706, 270, 708, 240, 618, 28, 573, 263, 319, 693, 433, 306, 380, 696, 95, 25, 232, 423, 707, 241, 47, 386, 215, 93, 340, 633, 156, 524, 779, 738, 454, 720, 63, 5, 49, 404, 75, 83, 396, 469, 1, 675, 152, 201, 171, 354, 546, 654, 228, 796, 556, 470, 209, 370, 200, 743, 762, 366, 146, 676, 662, 650, 635, 368, 391, 746, 700, 728, 718, 130, 299, 759, 754, 584, 705, 674, 229, 168, 301, 582, 713, 173, 142, 356, 227, 202, 764, 22, 353, 377, 295, 103, 522, 94, 298, 369, 698, 579, 420, 481, 8, 586, 448, 566, 615, 287, 775, 372, 769, 668, 464, 787, 457, 500, 418, 576, 712, 71, 679, 57, 747, 24, 190, 272, 300, 349, 348, 397, 424, 538, 279, 343, 487, 230, 102, 749, 667, 740, 178, 247, 266, 625, 583, 494, 276, 526, 238, 84, 468, 292, 715, 409, 278, 121, 498, 119, 756, 431, 143, 214, 411, 233, 412, 46, 602, 701, 257, 794, 623, 289, 531, 520, 187, 267, 128, 588, 359, 648, 177, 666, 460, 767, 530, 165, 425, 611, 407, 112, 403, 55, 342, 378, 563, 421, 192, 765, 426, 345, 371, 645, 608, 716, 271, 399, 355, 781, 757, 286, 231, 528, 13, 577, 680, 534, 14, 474, 737, 549, 600, 56, 453, 443, 38, 413, 493, 709, 135, 598, 104, 729, 402, 502, 109, 226, 440, 499, 74, 797, 325, 382, 665, 114, 559, 252, 547, 773, 376, 748, 772, 702, 670, 792, 285, 98, 619, 110, 281, 261, 206, 81, 361, 554, 196, 606, 268, 290, 478, 437, 62, 557, 19, 732, 505, 250, 653, 725, 734, 435, 497, 248, 253, 527, 242, 133, 427, 105, 609, 401, 191, 312, 544, 730, 551, 129, 225, 51, 330, 436, 283, 607, 458, 317, 620, 211, 752, 475, 405, 463, 166, 262, 408, 785, 438, 476, 542, 76, 589, 714, 88, 766, 210, 394, 719, 320, 92, 302, 587, 255, 570, 639, 681, 791, 471, 783, 328, 237, 569, 162, 274, 664, 362, 523, 106, 3, 603, 479, 123, 351, 221, 395, 15, 685, 642, 572, 277, 118, 134, 149, 360, 628, 184, 490, 381, 23, 309, 100, 564, 90, 329, 189, 593, 541, 726, 350, 336, 273, 10, 375, 548, 126, 447, 771, 691, 671, 511, 2, 466, 251, 629, 265, 704, 4, 136, 496, 596, 735, 406, 482, 777, 67, 346, 132, 631, 260, 365, 763, 488, 637, 296, 218, 480, 58, 21, 284, 678, 630, 560, 34, 193, 352, 677, 30, 417, 89, 636, 316, 50, 69, 434, 683, 144, 334, 742, 303, 640, 724, 751, 264, 793, 224, 198, 327, 335, 535, 111, 416, 220, 347, 293, 6, 140, 154, 663, 331, 592, 315, 87, 580, 697, 692, 695, 739, 97, 66, 419, 776, 430, 755, 632, 507, 774, 485, 52, 461, 197, 374, 660, 788, 617, 384, 45, 259, 519, 533, 307, 517, 373, 410, 194, 39, 137, 324, 638, 393, 113, 249, 199, 124, 41, 612, 477, 552, 61, 383, 472, 288, 223, 641, 745, 439, 398, 182, 649, 36, 131, 258, 44, 54, 27, 188, 101, 155, 790, 0]",26219.250908252805,9.475449562072754
tsp-problem-800-32000-100-5-1.txt,"[0, 564, 788, 593, 457, 698, 479, 178, 579, 637, 609, 260, 421, 120, 109, 443, 625, 617, 659, 598, 201, 272, 712, 645, 623, 241, 58, 772, 270, 464, 660, 389, 213, 375, 787, 635, 243, 379, 461, 757, 60, 377, 670, 578, 208, 574, 305, 59, 420, 663, 7, 509, 237, 253, 21, 393, 205, 500, 140, 41, 473, 636, 165, 779, 261, 167, 65, 361, 266, 163, 486, 652, 529, 209, 528, 64, 342, 465, 300, 97, 690, 283, 18, 223, 762, 666, 369, 470, 680, 618, 725, 484, 581, 424, 790, 103, 669, 112, 533, 490, 431, 77, 29, 668, 252, 38, 114, 359, 215, 234, 405, 101, 239, 257, 370, 264, 108, 279, 176, 654, 400, 49, 650, 179, 423, 584, 697, 160, 554, 275, 613, 481, 415, 231, 544, 293, 396, 149, 450, 560, 792, 3, 251, 408, 678, 674, 348, 760, 794, 232, 565, 20, 576, 384, 503, 731, 341, 738, 569, 624, 202, 187, 642, 523, 269, 717, 583, 271, 79, 55, 614, 13, 57, 543, 784, 322, 184, 640, 764, 687, 392, 534, 170, 467, 449, 684, 536, 246, 294, 126, 391, 381, 482, 333, 156, 588, 387, 778, 12, 323, 194, 219, 84, 589, 434, 591, 777, 770, 106, 597, 347, 277, 439, 416, 688, 125, 786, 552, 446, 154, 315, 356, 432, 227, 259, 426, 468, 621, 115, 302, 587, 382, 406, 429, 445, 168, 510, 362, 335, 775, 463, 700, 306, 71, 658, 527, 40, 56, 14, 713, 256, 61, 355, 414, 276, 648, 702, 549, 250, 93, 508, 284, 352, 27, 48, 512, 364, 181, 171, 349, 649, 262, 5, 596, 541, 519, 734, 320, 440, 521, 229, 74, 780, 599, 182, 550, 602, 70, 773, 139, 244, 311, 728, 458, 75, 515, 85, 704, 235, 571, 695, 498, 646, 748, 99, 37, 136, 759, 572, 376, 693, 522, 793, 236, 203, 781, 653, 86, 682, 51, 401, 324, 661, 319, 634, 310, 248, 639, 22, 539, 146, 425, 222, 303, 113, 380, 104, 422, 798, 502, 677, 667, 732, 280, 776, 681, 328, 19, 10, 199, 247, 427, 577, 438, 755, 582, 524, 742, 758, 122, 365, 474, 242, 147, 744, 499, 397, 675, 447, 285, 531, 282, 799, 107, 428, 395, 726, 767, 95, 8, 11, 633, 265, 707, 689, 192, 16, 69, 89, 386, 292, 211, 404, 716, 703, 733, 42, 594, 699, 197, 210, 746, 729, 604, 488, 418, 153, 456, 96, 138, 575, 655, 87, 123, 26, 412, 238, 313, 130, 605, 630, 180, 36, 258, 207, 606, 195, 159, 620, 553, 221, 547, 76, 469, 15, 448, 326, 371, 226, 46, 206, 563, 513, 540, 723, 150, 378, 656, 691, 398, 343, 332, 769, 525, 561, 530, 608, 761, 110, 493, 216, 619, 548, 321, 193, 626, 715, 1, 190, 350, 273, 368, 88, 158, 632, 274, 711, 225, 17, 172, 45, 735, 304, 679, 336, 327, 739, 559, 413, 314, 782, 47, 433, 751, 254, 131, 363, 198, 600, 627, 358, 330, 155, 331, 611, 53, 128, 756, 157, 385, 485, 287, 214, 360, 459, 68, 164, 754, 345, 218, 724, 694, 67, 580, 444, 736, 220, 124, 590, 451, 452, 752, 200, 267, 566, 290, 430, 765, 189, 72, 148, 268, 390, 34, 622, 692, 288, 535, 686, 644, 312, 647, 255, 472, 191, 39, 50, 558, 175, 705, 62, 417, 373, 483, 501, 797, 763, 477, 174, 403, 33, 83, 394, 607, 610, 749, 537, 570, 308, 121, 117, 374, 745, 785, 166, 233, 212, 507, 116, 316, 555, 134, 318, 263, 132, 747, 497, 183, 494, 796, 224, 299, 419, 407, 344, 383, 538, 372, 492, 351, 78, 334, 673, 714, 230, 31, 718, 127, 410, 399, 520, 774, 616, 169, 455, 297, 795, 98, 542, 657, 495, 709, 573, 185, 402, 32, 2, 454, 526, 54, 766, 6, 615, 671, 411, 28, 592, 73, 25, 532, 105, 337, 161, 143, 63, 43, 641, 743, 676, 9, 708, 466, 307, 409, 631, 249, 367, 476, 91, 557, 204, 727, 783, 90, 217, 750, 586, 289, 771, 701, 441, 567, 730, 629, 177, 683, 672, 388, 453, 80, 487, 442, 436, 129, 133, 489, 119, 628, 603, 346, 141, 462, 102, 722, 595, 338, 340, 151, 546, 4, 478, 460, 188, 696, 186, 309, 491, 638, 545, 52, 601, 585, 721, 768, 329, 651, 665, 145, 286, 317, 496, 118, 505, 366, 228, 100, 281, 24, 518, 278, 480, 82, 152, 568, 142, 295, 196, 664, 92, 245, 173, 551, 511, 517, 30, 81, 719, 354, 94, 301, 475, 504, 437, 435, 35, 740, 44, 741, 135, 298, 162, 514, 144, 556, 240, 612, 357, 516, 720, 296, 791, 137, 685, 111, 737, 706, 66, 23, 643, 325, 471, 753, 562, 291, 506, 710, 339, 789, 662, 353, 0]",69737.47943727006,4.98144006729126
tsp-problem-800-6400-100-25-1.txt,"[0, 417, 671, 737, 596, 515, 434, 309, 797, 374, 619, 658, 562, 256, 56, 57, 480, 311, 475, 511, 659, 130, 574, 431, 617, 183, 173, 252, 718, 696, 457, 453, 685, 294, 175, 570, 625, 94, 544, 761, 249, 4, 26, 317, 71, 615, 391, 740, 124, 601, 122, 657, 755, 8, 767, 653, 12, 499, 505, 118, 344, 723, 208, 319, 399, 113, 52, 260, 530, 741, 235, 43, 647, 182, 407, 295, 143, 436, 244, 558, 771, 634, 367, 675, 227, 540, 424, 777, 610, 85, 356, 382, 378, 266, 664, 782, 389, 377, 225, 640, 323, 366, 78, 506, 770, 285, 270, 751, 722, 224, 296, 690, 351, 602, 788, 15, 318, 621, 629, 269, 28, 502, 31, 413, 448, 103, 69, 246, 230, 22, 364, 67, 476, 2, 630, 65, 128, 742, 187, 220, 483, 189, 5, 156, 180, 112, 624, 618, 250, 709, 242, 785, 253, 276, 605, 61, 17, 427, 600, 363, 703, 191, 439, 720, 101, 307, 98, 673, 554, 794, 459, 123, 308, 795, 524, 236, 387, 131, 456, 604, 764, 418, 353, 451, 651, 350, 438, 739, 167, 240, 64, 595, 592, 461, 29, 74, 591, 455, 365, 41, 726, 199, 691, 437, 713, 50, 19, 332, 790, 478, 775, 9, 546, 109, 450, 383, 186, 89, 338, 704, 597, 99, 59, 498, 21, 357, 725, 107, 449, 200, 209, 168, 471, 401, 30, 548, 152, 689, 589, 141, 421, 327, 228, 545, 787, 179, 682, 217, 359, 784, 485, 521, 550, 331, 316, 193, 710, 762, 635, 136, 620, 335, 267, 375, 512, 117, 662, 132, 714, 219, 45, 397, 232, 584, 275, 666, 509, 293, 772, 76, 390, 752, 469, 578, 314, 699, 125, 667, 543, 646, 669, 465, 533, 538, 670, 781, 404, 18, 655, 496, 654, 627, 568, 251, 396, 127, 452, 192, 384, 138, 529, 698, 82, 163, 379, 639, 733, 414, 336, 791, 281, 148, 151, 291, 305, 310, 701, 339, 385, 280, 507, 169, 565, 586, 66, 747, 203, 477, 587, 223, 343, 606, 572, 526, 623, 13, 172, 686, 161, 700, 644, 346, 598, 345, 116, 255, 153, 668, 464, 766, 614, 87, 736, 729, 648, 706, 503, 234, 398, 622, 460, 532, 463, 493, 320, 47, 201, 707, 178, 102, 273, 210, 321, 206, 86, 522, 678, 753, 520, 422, 717, 400, 238, 154, 352, 754, 394, 361, 254, 313, 575, 778, 405, 677, 564, 774, 731, 268, 6, 552, 371, 636, 34, 58, 676, 796, 514, 467, 184, 426, 358, 566, 757, 539, 428, 749, 304, 440, 322, 139, 594, 416, 229, 525, 330, 95, 410, 442, 177, 419, 386, 663, 44, 37, 218, 312, 349, 798, 150, 603, 48, 245, 198, 10, 403, 711, 265, 284, 340, 660, 609, 773, 542, 500, 588, 197, 472, 489, 264, 702, 519, 402, 633, 202, 368, 692, 158, 631, 142, 174, 46, 444, 214, 111, 393, 712, 160, 119, 149, 734, 20, 162, 661, 473, 708, 650, 443, 196, 90, 42, 261, 1, 680, 593, 278, 342, 474, 759, 576, 563, 470, 494, 395, 49, 715, 372, 23, 567, 277, 271, 732, 738, 108, 608, 36, 769, 88, 171, 326, 303, 216, 497, 482, 341, 100, 300, 758, 213, 241, 768, 549, 433, 468, 388, 547, 155, 176, 274, 381, 789, 683, 581, 527, 518, 7, 446, 159, 347, 392, 286, 727, 233, 728, 25, 370, 429, 681, 81, 39, 329, 11, 145, 248, 435, 243, 501, 616, 484, 306, 290, 3, 121, 288, 212, 611, 369, 355, 287, 297, 239, 27, 580, 423, 146, 779, 380, 279, 508, 793, 523, 743, 420, 221, 730, 612, 674, 259, 157, 194, 110, 137, 83, 792, 487, 486, 376, 694, 724, 783, 641, 79, 205, 104, 745, 573, 607, 38, 272, 140, 695, 649, 170, 337, 454, 68, 292, 70, 551, 479, 492, 721, 92, 590, 282, 24, 360, 531, 324, 362, 348, 716, 289, 776, 409, 687, 579, 283, 656, 577, 765, 628, 301, 195, 534, 106, 415, 129, 599, 536, 135, 561, 583, 226, 495, 62, 665, 188, 166, 133, 672, 75, 516, 642, 115, 799, 237, 181, 215, 204, 185, 638, 571, 257, 760, 490, 16, 51, 54, 632, 315, 705, 688, 231, 560, 53, 40, 462, 557, 207, 756, 585, 555, 96, 105, 746, 684, 528, 643, 93, 535, 120, 556, 748, 114, 613, 84, 541, 430, 719, 466, 147, 481, 425, 786, 652, 144, 373, 744, 258, 582, 91, 63, 458, 735, 553, 513, 693, 97, 697, 263, 750, 559, 134, 432, 211, 780, 299, 412, 517, 247, 328, 354, 298, 626, 510, 408, 445, 222, 679, 77, 334, 72, 488, 32, 35, 645, 164, 325, 60, 491, 126, 406, 537, 165, 55, 262, 637, 73, 302, 411, 14, 504, 569, 80, 447, 763, 33, 333, 441, 190, 0]",23093.95602861099,24.838417291641235
tsp-problem-800-6400-100-5-1.txt,"[0, 31, 427, 19, 241, 111, 537, 750, 287, 414, 422, 541, 303, 729, 128, 33, 668, 261, 65, 253, 450, 501, 463, 224, 786, 27, 70, 452, 242, 16, 25, 77, 433, 196, 48, 198, 255, 498, 34, 108, 334, 696, 573, 57, 211, 102, 331, 542, 182, 318, 676, 165, 785, 687, 432, 517, 282, 276, 693, 373, 163, 799, 82, 698, 206, 448, 757, 194, 104, 354, 569, 407, 302, 524, 753, 394, 143, 129, 1, 509, 608, 140, 410, 94, 721, 168, 500, 362, 610, 557, 553, 481, 732, 506, 246, 593, 117, 133, 458, 127, 125, 110, 328, 579, 630, 574, 222, 480, 584, 762, 710, 174, 348, 370, 295, 61, 217, 399, 120, 528, 347, 744, 459, 440, 677, 477, 723, 704, 659, 112, 124, 772, 719, 390, 680, 446, 356, 404, 352, 156, 566, 712, 699, 545, 490, 428, 589, 209, 534, 488, 312, 665, 733, 592, 216, 278, 179, 144, 464, 642, 272, 549, 654, 381, 254, 715, 748, 170, 482, 171, 386, 248, 544, 627, 35, 560, 284, 438, 602, 98, 784, 343, 265, 223, 435, 690, 355, 558, 741, 379, 746, 600, 632, 697, 439, 575, 755, 52, 81, 666, 3, 672, 225, 288, 416, 491, 220, 358, 54, 397, 773, 682, 670, 706, 694, 451, 257, 597, 616, 489, 395, 692, 363, 164, 183, 8, 673, 511, 736, 761, 368, 622, 454, 235, 138, 18, 151, 29, 153, 624, 599, 251, 688, 667, 306, 10, 323, 330, 782, 62, 518, 84, 770, 671, 76, 562, 798, 71, 420, 158, 780, 418, 338, 521, 389, 280, 192, 749, 720, 380, 674, 614, 792, 234, 629, 367, 353, 492, 495, 136, 23, 316, 266, 134, 130, 727, 769, 325, 777, 540, 118, 195, 661, 623, 691, 66, 660, 95, 716, 311, 462, 523, 775, 700, 268, 376, 2, 730, 758, 590, 735, 256, 678, 297, 72, 176, 172, 289, 607, 55, 101, 774, 212, 567, 24, 483, 631, 145, 377, 100, 115, 764, 387, 603, 374, 233, 90, 484, 470, 402, 409, 400, 486, 467, 507, 53, 321, 269, 527, 510, 669, 675, 247, 327, 319, 69, 621, 99, 393, 304, 148, 619, 701, 618, 751, 342, 41, 717, 275, 588, 20, 219, 634, 15, 447, 684, 531, 747, 636, 155, 739, 190, 457, 88, 585, 591, 36, 637, 657, 391, 653, 237, 137, 208, 344, 80, 578, 779, 385, 530, 543, 551, 214, 383, 587, 508, 113, 605, 141, 175, 139, 173, 555, 771, 783, 655, 417, 595, 548, 455, 797, 243, 582, 270, 273, 612, 92, 26, 32, 461, 606, 298, 169, 186, 371, 411, 412, 180, 778, 513, 601, 502, 187, 469, 227, 332, 724, 116, 707, 384, 604, 122, 443, 396, 202, 552, 296, 564, 442, 767, 230, 329, 658, 205, 781, 365, 759, 760, 538, 626, 522, 279, 335, 505, 421, 244, 790, 475, 333, 40, 207, 38, 625, 50, 313, 315, 147, 493, 565, 75, 372, 263, 472, 340, 210, 154, 203, 21, 309, 114, 663, 341, 349, 398, 314, 425, 434, 561, 63, 166, 350, 85, 97, 351, 689, 131, 662, 479, 245, 423, 568, 487, 308, 738, 664, 79, 497, 369, 12, 199, 473, 413, 756, 620, 286, 465, 645, 633, 42, 598, 431, 67, 456, 519, 429, 249, 516, 360, 159, 22, 197, 471, 361, 250, 742, 740, 83, 656, 503, 107, 766, 60, 46, 64, 648, 556, 709, 559, 30, 405, 78, 641, 218, 305, 526, 378, 649, 594, 346, 639, 679, 586, 121, 532, 583, 89, 152, 535, 705, 683, 441, 271, 17, 51, 474, 193, 571, 9, 157, 795, 283, 468, 324, 563, 4, 576, 550, 613, 339, 240, 478, 14, 87, 722, 236, 44, 796, 726, 430, 252, 299, 188, 93, 406, 262, 572, 58, 162, 357, 609, 232, 525, 310, 628, 317, 794, 408, 745, 643, 264, 191, 119, 647, 105, 546, 307, 580, 714, 793, 239, 285, 388, 708, 652, 375, 322, 184, 294, 611, 291, 765, 68, 274, 536, 615, 703, 259, 142, 512, 364, 132, 146, 520, 754, 466, 731, 301, 644, 752, 449, 496, 45, 11, 167, 43, 529, 651, 300, 789, 47, 581, 539, 177, 73, 686, 737, 787, 695, 126, 215, 776, 763, 213, 161, 596, 685, 547, 13, 366, 37, 149, 91, 326, 445, 258, 150, 415, 293, 181, 267, 681, 554, 135, 292, 499, 320, 788, 728, 28, 290, 382, 646, 359, 437, 514, 200, 281, 725, 6, 743, 711, 460, 238, 231, 635, 768, 436, 74, 444, 485, 713, 476, 392, 228, 86, 160, 7, 650, 791, 638, 515, 49, 39, 533, 504, 403, 123, 229, 426, 718, 103, 178, 401, 106, 56, 260, 702, 201, 419, 337, 336, 96, 221, 189, 453, 577, 5, 277, 570, 734, 185, 617, 640, 204, 59, 494, 345, 226, 109, 424, 0]",69591.05444970993,6.154607057571411
tsp-problem-800-64000-100-25-1.txt,"[0, 620, 152, 462, 389, 71, 252, 275, 65, 516, 30, 196, 791, 425, 760, 330, 656, 64, 782, 596, 6, 163, 25, 73, 754, 598, 193, 322, 335, 625, 787, 57, 161, 699, 51, 76, 642, 91, 395, 381, 156, 718, 79, 107, 202, 31, 684, 712, 143, 165, 500, 504, 502, 394, 490, 220, 17, 420, 164, 123, 385, 530, 738, 670, 160, 599, 401, 182, 783, 81, 421, 377, 553, 765, 295, 363, 473, 315, 15, 702, 92, 622, 494, 22, 189, 85, 299, 122, 269, 672, 148, 231, 602, 353, 5, 133, 228, 408, 391, 561, 655, 499, 586, 144, 399, 75, 172, 426, 345, 266, 177, 342, 634, 772, 475, 210, 717, 157, 441, 700, 585, 34, 125, 641, 234, 130, 537, 52, 415, 527, 8, 646, 695, 39, 503, 291, 559, 319, 45, 254, 138, 431, 58, 520, 524, 627, 683, 706, 538, 733, 338, 653, 739, 798, 82, 366, 603, 410, 230, 265, 654, 382, 178, 321, 261, 286, 708, 403, 731, 128, 26, 540, 776, 518, 259, 153, 487, 522, 458, 145, 233, 631, 582, 311, 369, 111, 167, 37, 566, 195, 434, 525, 514, 714, 412, 296, 204, 378, 593, 669, 508, 343, 9, 277, 698, 242, 792, 29, 362, 650, 678, 640, 217, 419, 223, 719, 766, 87, 501, 481, 74, 770, 409, 364, 577, 713, 752, 463, 745, 352, 767, 13, 142, 604, 777, 547, 660, 78, 452, 83, 12, 289, 38, 534, 769, 555, 113, 170, 477, 491, 72, 665, 726, 605, 548, 552, 183, 140, 584, 496, 219, 139, 608, 370, 67, 255, 668, 692, 24, 693, 3, 644, 574, 23, 773, 405, 507, 312, 742, 411, 533, 710, 636, 356, 281, 89, 331, 457, 436, 663, 19, 284, 439, 235, 558, 619, 198, 4, 589, 796, 190, 11, 80, 137, 696, 506, 36, 764, 390, 637, 63, 705, 355, 239, 709, 110, 119, 542, 334, 98, 570, 428, 48, 393, 430, 2, 88, 376, 511, 126, 616, 510, 166, 246, 310, 187, 652, 301, 325, 675, 50, 747, 212, 244, 179, 691, 755, 357, 685, 101, 273, 188, 313, 40, 61, 632, 725, 103, 447, 721, 450, 10, 33, 454, 68, 671, 248, 118, 327, 649, 571, 288, 99, 681, 474, 243, 659, 647, 688, 513, 515, 46, 213, 383, 203, 535, 768, 440, 201, 550, 795, 329, 16, 630, 716, 488, 472, 400, 360, 238, 467, 368, 657, 147, 398, 594, 662, 453, 728, 722, 443, 294, 214, 541, 512, 744, 302, 612, 336, 680, 268, 169, 109, 526, 417, 448, 32, 697, 651, 575, 292, 437, 200, 509, 285, 676, 149, 609, 206, 607, 615, 786, 495, 455, 180, 44, 136, 505, 751, 468, 305, 108, 544, 489, 557, 643, 276, 337, 689, 774, 564, 789, 416, 351, 444, 116, 211, 326, 131, 102, 307, 498, 298, 90, 572, 359, 185, 318, 442, 661, 271, 469, 677, 240, 422, 328, 115, 799, 771, 459, 229, 727, 55, 209, 256, 297, 300, 785, 245, 781, 320, 729, 480, 324, 673, 763, 7, 251, 309, 576, 734, 797, 666, 762, 388, 350, 556, 592, 379, 664, 587, 93, 549, 205, 617, 433, 371, 303, 757, 628, 386, 127, 344, 105, 648, 207, 759, 62, 476, 293, 720, 104, 287, 686, 569, 114, 590, 224, 100, 222, 793, 690, 323, 519, 396, 778, 483, 146, 735, 674, 21, 761, 470, 402, 545, 1, 639, 562, 435, 112, 613, 493, 18, 531, 314, 497, 529, 563, 159, 237, 471, 404, 56, 694, 539, 42, 70, 106, 623, 750, 247, 711, 173, 588, 175, 788, 279, 358, 253, 236, 191, 66, 367, 485, 280, 790, 449, 241, 47, 14, 168, 446, 464, 257, 682, 282, 151, 192, 174, 749, 551, 567, 53, 225, 606, 581, 579, 730, 308, 155, 283, 626, 86, 741, 591, 232, 373, 333, 546, 438, 20, 316, 418, 492, 278, 743, 611, 732, 451, 536, 181, 249, 365, 258, 267, 687, 701, 384, 332, 194, 723, 595, 208, 264, 461, 272, 306, 317, 121, 199, 704, 583, 578, 748, 565, 517, 528, 645, 737, 794, 445, 543, 54, 638, 465, 84, 601, 753, 600, 374, 218, 150, 658, 521, 573, 756, 523, 758, 736, 94, 162, 250, 380, 484, 97, 397, 28, 610, 171, 184, 629, 432, 775, 361, 341, 347, 715, 580, 456, 141, 372, 724, 614, 135, 740, 466, 349, 406, 96, 176, 263, 69, 227, 95, 226, 532, 154, 221, 274, 260, 478, 77, 60, 479, 427, 262, 134, 624, 35, 304, 618, 41, 129, 117, 568, 667, 413, 779, 354, 270, 424, 340, 554, 621, 290, 348, 414, 158, 339, 49, 346, 429, 120, 423, 216, 784, 197, 392, 215, 746, 560, 482, 703, 486, 59, 780, 43, 635, 132, 597, 679, 387, 27, 707, 460, 375, 124, 633, 186, 407, 0]",26225.962262776997,10.79407262802124
tsp-problem-800-64000-100-5-1.txt,"[0, 343, 643, 594, 205, 40, 187, 210, 302, 336, 610, 758, 780, 526, 527, 458, 544, 392, 452, 654, 101, 690, 287, 711, 514, 188, 254, 242, 680, 598, 109, 310, 220, 499, 43, 97, 103, 345, 46, 247, 70, 195, 791, 573, 399, 9, 249, 637, 511, 717, 227, 323, 50, 251, 373, 359, 761, 177, 137, 704, 172, 261, 425, 750, 520, 62, 260, 591, 471, 298, 39, 455, 52, 664, 545, 629, 358, 749, 344, 375, 333, 128, 692, 752, 272, 523, 563, 185, 170, 627, 148, 628, 691, 363, 15, 572, 41, 10, 555, 61, 694, 412, 85, 720, 138, 635, 237, 304, 418, 508, 426, 321, 107, 213, 134, 94, 246, 167, 625, 21, 529, 738, 294, 785, 496, 732, 281, 378, 674, 27, 234, 789, 349, 350, 182, 757, 701, 55, 365, 600, 181, 728, 762, 307, 279, 368, 262, 773, 13, 63, 84, 257, 559, 394, 217, 500, 658, 102, 486, 241, 77, 58, 460, 574, 221, 698, 469, 599, 143, 156, 467, 470, 489, 593, 239, 14, 693, 340, 99, 342, 364, 30, 554, 274, 433, 415, 32, 20, 549, 160, 328, 396, 768, 76, 557, 312, 116, 391, 435, 369, 447, 250, 652, 44, 667, 186, 393, 158, 26, 199, 296, 451, 339, 772, 775, 670, 371, 684, 91, 530, 462, 655, 110, 754, 56, 718, 231, 685, 641, 218, 776, 714, 588, 551, 327, 353, 548, 318, 112, 326, 648, 640, 191, 774, 482, 51, 771, 387, 252, 746, 457, 398, 115, 695, 196, 180, 42, 366, 325, 620, 306, 723, 389, 127, 493, 784, 330, 145, 305, 764, 522, 751, 299, 19, 596, 582, 553, 295, 351, 322, 2, 485, 401, 341, 390, 277, 503, 31, 716, 518, 135, 449, 407, 175, 531, 28, 79, 71, 440, 742, 216, 550, 432, 4, 139, 408, 3, 671, 11, 631, 206, 155, 611, 149, 133, 450, 428, 744, 509, 238, 104, 5, 37, 316, 419, 125, 445, 446, 33, 119, 286, 194, 329, 147, 430, 209, 510, 223, 613, 57, 372, 131, 88, 266, 719, 244, 126, 755, 311, 682, 579, 542, 532, 204, 649, 644, 568, 332, 547, 710, 54, 492, 642, 258, 64, 105, 495, 615, 113, 515, 504, 483, 477, 201, 798, 82, 653, 308, 240, 288, 634, 132, 49, 487, 225, 93, 578, 152, 421, 564, 275, 474, 25, 165, 617, 687, 80, 255, 53, 621, 575, 618, 666, 136, 174, 781, 68, 22, 722, 100, 759, 361, 300, 150, 229, 402, 161, 214, 360, 268, 404, 320, 123, 354, 765, 507, 696, 567, 189, 431, 264, 521, 362, 117, 357, 497, 224, 633, 673, 197, 95, 769, 747, 301, 18, 48, 735, 347, 193, 60, 796, 397, 245, 540, 656, 605, 624, 534, 380, 639, 263, 207, 733, 584, 466, 453, 481, 141, 581, 612, 427, 45, 383, 81, 632, 795, 524, 159, 292, 176, 203, 608, 721, 420, 597, 571, 707, 111, 665, 215, 200, 766, 441, 171, 678, 565, 699, 756, 346, 317, 284, 513, 12, 767, 444, 585, 583, 681, 786, 726, 377, 797, 38, 517, 388, 533, 538, 146, 282, 480, 395, 303, 179, 429, 478, 580, 416, 335, 753, 163, 465, 74, 72, 168, 248, 712, 479, 490, 271, 799, 356, 794, 741, 577, 253, 650, 546, 422, 278, 29, 78, 603, 672, 414, 501, 285, 638, 729, 289, 727, 8, 506, 219, 700, 337, 121, 651, 763, 576, 668, 525, 787, 232, 384, 73, 6, 438, 202, 468, 374, 541, 424, 442, 731, 587, 622, 782, 616, 236, 494, 760, 459, 1, 779, 472, 334, 315, 379, 370, 122, 411, 130, 198, 17, 290, 516, 725, 677, 619, 410, 36, 87, 256, 83, 376, 293, 703, 129, 190, 589, 697, 676, 607, 488, 724, 92, 406, 512, 162, 636, 705, 484, 660, 208, 683, 543, 348, 164, 748, 586, 235, 519, 434, 790, 184, 355, 539, 265, 537, 454, 602, 319, 770, 106, 352, 297, 405, 708, 706, 34, 688, 114, 528, 439, 614, 609, 661, 562, 679, 222, 144, 734, 566, 592, 561, 601, 498, 604, 646, 590, 233, 456, 783, 689, 338, 276, 169, 382, 736, 108, 745, 626, 659, 743, 90, 140, 569, 385, 536, 120, 737, 669, 47, 367, 630, 793, 314, 423, 463, 230, 313, 702, 124, 212, 386, 192, 413, 409, 663, 778, 89, 65, 436, 166, 153, 558, 173, 243, 309, 400, 259, 476, 662, 291, 157, 730, 96, 211, 623, 502, 403, 647, 788, 461, 75, 570, 606, 464, 183, 491, 69, 713, 475, 66, 417, 448, 118, 142, 709, 67, 556, 16, 35, 324, 267, 777, 228, 7, 473, 739, 437, 178, 280, 675, 552, 23, 792, 686, 535, 270, 151, 24, 86, 740, 98, 505, 154, 226, 283, 645, 269, 381, 443, 595, 273, 560, 59, 715, 657, 331, 0]",69725.86117383037,4.508636236190796
